      57 Inflow-1                                
'4 0.0 0.0 1.0 3.5'
     119
     120
     121
     122
     123
     124
     125
     126
     127
     128
     129
     130
     131
     132
     133
     134
     135
     441
     442
     443
     444
     447
     448
     449
     454
     455
     456
     457
     462
     463
     464
     465
     468
     469
     470
     471
     472
     473
     474
     476
     477
     478
     479
     480
     481
     746
     750
     755
     760
     764
     767
     770
     773
     776
     778
     780
     781
