      89 Outflow                                 
'4 0.0 0.0 1.0 -0.9'
      77
      78
      79
      80
      81
      82
      83
      84
      85
      86
      87
      88
      89
      90
      91
      92
      93
      94
      95
      96
      97
      98
      99
     100
     101
     327
     328
     329
     330
     333
     334
     335
     340
     341
     342
     343
     344
     345
     350
     351
     352
     353
     355
     356
     357
     360
     361
     362
     363
     364
     367
     368
     369
     371
     372
     374
     375
     378
     379
     380
     382
     383
     384
     386
     387
     388
     389
     390
     391
     642
     646
     651
     654
     659
     663
     667
     670
     674
     677
     680
     684
     688
     691
     693
     695
     697
     699
     700
     701
