     176 Wall                                    
'7 0.0 0.0 0.0 3.5 1.0 1.0 0.0'
      36
      37
      38
      39
      40
      41
      42
      43
      44
      45
      46
      47
      48
      49
      50
      51
      52
      54
      59
      64
      66
      68
      69
      72
      79
      85
      86
      90
      91
      96
      97
     101
     102
     108
     109
     112
     113
     114
     116
     118
     120
     121
     122
     124
     126
     127
     131
     134
     218
     219
     220
     221
     224
     225
     226
     231
     232
     233
     234
     235
     236
     239
     240
     241
     244
     245
     246
     249
     250
     251
     252
     253
     299
     300
     302
     304
     306
     307
     308
     310
     312
     313
     314
     316
     317
     319
     320
     322
     325
     326
     329
     365
     366
     368
     373
     374
     376
     378
     381
     382
     385
     387
     389
     390
     413
     414
     416
     418
     420
     421
     422
     424
     426
     427
     428
     430
     431
     433
     434
     436
     445
     446
     448
     450
     451
     454
     459
     460
     463
     467
     469
     472
     473
     475
     476
     478
     546
     550
     555
     558
     562
     566
     570
     573
     615
     619
     622
     625
     627
     630
     633
     636
     640
     672
     678
     681
     685
     690
     694
     696
     719
     723
     726
     729
     731
     734
     737
     740
     748
     751
     757
     762
     766
     768
     771
     774
