         561  Wall
'4  0.100000E+01  0.000000E+00  0.000000E+00  0.550000E+01'
     1
    18
    35
    52
    69
    86
   103
   120
   137
   154
   171
   188
   205
   222
   239
   256
   273
   290
   307
   324
   341
   358
   375
   392
   409
   426
   443
   460
   477
   494
   511
   528
   545
   562
   579
   596
   613
   630
   647
   664
   681
   698
   715
   732
   749
   766
   783
   800
   817
   834
   851
   868
   885
   902
   919
   936
   953
   970
   987
  1004
  1021
  1038
  1055
  1072
  1089
  1106
  1123
  1140
  1157
  1174
  1191
  1208
  1225
  1242
  1259
  1276
  1293
  1310
  1327
  1344
  1361
  1378
  1395
  1412
  1429
  1446
  1463
  1480
  1497
  1514
  1531
  1548
  1565
  1582
  1599
  1616
  1633
  1650
  1667
  1684
  1701
  1718
  1735
  1752
  1769
  1786
  1803
  1820
  1837
  1854
  1871
  1888
  1905
  1922
  1939
  1956
  1973
  1990
  2007
  2024
  2041
  2058
  2075
  2092
  2109
  2126
  2143
  2160
  2177
  2194
  2211
  2228
  2245
  2262
  2279
  2296
  2313
  2330
  2347
  2364
  2381
  2398
  2415
  2432
  2449
  2466
  2483
  2500
  2517
  2534
  2551
  2568
  2585
  2602
  2619
  2636
  2653
  2670
  2687
  2704
  2721
  2738
  2755
  2772
  2789
  2806
  2823
  2840
  2857
  2874
  2891
  2908
  2925
  2942
  2959
  2976
  2993
  3010
  3027
  3044
  3061
  3078
  3095
  3112
  3129
  3146
  3163
  3180
  3197
  3214
  3231
  3248
  3265
  3282
  3299
  3316
  3333
  3350
  3367
  3384
  3401
  3418
  3435
  3452
  3469
  3486
  3503
  3520
  3537
  3554
  3571
  3588
  3605
  3622
  3639
  3656
  3673
  3690
  3707
  3724
  3741
  3758
  3775
  3792
  3809
  3826
  3843
  3860
  3877
  3894
  3911
  3928
  3945
  3962
  3979
  3996
  4013
  4030
  4047
  4064
  4081
  4098
  4115
  4132
  4149
  4166
  4183
  4200
  4217
  4234
  4251
  4268
  4285
  4302
  4319
  4336
  4353
  4370
  4387
  4404
  4421
  4438
  4455
  4472
  4489
  4506
  4523
  4540
  4557
  4574
  4591
  4608
  4625
  4642
  4659
  4676
  4693
  4710
  4727
  4744
  4761
  4778
  4795
  4812
  4829
  4846
  4863
  4880
  4897
  4914
  4931
  4948
  4965
  4982
  4999
  5016
  5033
  5050
  5067
  5084
  5101
  5118
  5135
  5152
  5169
  5186
  5203
  5220
  5237
  5254
  5271
  5288
  5305
  5322
  5339
  5356
  5373
  5390
  5407
  5424
  5441
  5458
  5475
  5492
  5509
  5526
  5543
  5560
  5577
  5594
  5611
  5628
  5645
  5662
  5679
  5696
  5713
  5730
  5747
  5764
  5781
  5798
  5815
  5832
  5849
  5866
  5883
  5900
  5917
  5934
  5951
  5968
  5985
  6002
  6019
  6036
  6053
  6070
  6087
  6104
  6121
  6138
  6155
  6172
  6189
  6206
  6223
  6240
  6257
  6274
  6291
  6308
  6325
  6342
  6359
  6376
  6393
  6410
  6427
  6444
  6461
  6478
  6495
  6512
  6529
  6546
  6563
  6580
  6597
  6614
  6631
  6648
  6665
  6682
  6699
  6716
  6733
  6750
  6767
  6784
  6801
  6818
  6835
  6852
  6869
  6886
  6903
  6920
  6937
  6954
  6971
  6988
  7005
  7022
  7039
  7056
  7073
  7090
  7107
  7124
  7141
  7158
  7175
  7192
  7209
  7226
  7243
  7260
  7277
  7294
  7311
  7328
  7345
  7362
  7379
  7396
  7413
  7430
  7447
  7464
  7481
  7498
  7515
  7532
  7549
  7566
  7583
  7600
  7617
  7634
  7651
  7668
  7685
  7702
  7719
  7736
  7753
  7770
  7787
  7804
  7821
  7838
  7855
  7872
  7889
  7906
  7923
  7940
  7957
  7974
  7991
  8008
  8025
  8042
  8059
  8076
  8093
  8110
  8127
  8144
  8161
  8178
  8195
  8212
  8229
  8246
  8263
  8280
  8297
  8314
  8331
  8348
  8365
  8382
  8399
  8416
  8433
  8450
  8467
  8484
  8501
  8518
  8535
  8552
  8569
  8586
  8603
  8620
  8637
  8654
  8671
  8688
  8705
  8722
  8739
  8756
  8773
  8790
  8807
  8824
  8841
  8858
  8875
  8892
  8909
  8926
  8943
  8960
  8977
  8994
  9011
  9028
  9045
  9062
  9079
  9096
  9113
  9130
  9147
  9164
  9181
  9198
  9215
  9232
  9249
  9266
  9283
  9300
  9317
  9334
  9351
  9368
  9385
  9402
  9419
  9436
  9453
  9470
  9487
  9504
  9521
