         561  Symmetry010
'4  0.000000E+00  0.100000E+01  0.000000E+00 -0.180000E+01'
   273
   274
   275
   276
   277
   278
   279
   280
   281
   282
   283
   284
   285
   286
   287
   288
   289
   562
   563
   564
   565
   566
   567
   568
   569
   570
   571
   572
   573
   574
   575
   576
   577
   578
   851
   852
   853
   854
   855
   856
   857
   858
   859
   860
   861
   862
   863
   864
   865
   866
   867
  1140
  1141
  1142
  1143
  1144
  1145
  1146
  1147
  1148
  1149
  1150
  1151
  1152
  1153
  1154
  1155
  1156
  1429
  1430
  1431
  1432
  1433
  1434
  1435
  1436
  1437
  1438
  1439
  1440
  1441
  1442
  1443
  1444
  1445
  1718
  1719
  1720
  1721
  1722
  1723
  1724
  1725
  1726
  1727
  1728
  1729
  1730
  1731
  1732
  1733
  1734
  2007
  2008
  2009
  2010
  2011
  2012
  2013
  2014
  2015
  2016
  2017
  2018
  2019
  2020
  2021
  2022
  2023
  2296
  2297
  2298
  2299
  2300
  2301
  2302
  2303
  2304
  2305
  2306
  2307
  2308
  2309
  2310
  2311
  2312
  2585
  2586
  2587
  2588
  2589
  2590
  2591
  2592
  2593
  2594
  2595
  2596
  2597
  2598
  2599
  2600
  2601
  2874
  2875
  2876
  2877
  2878
  2879
  2880
  2881
  2882
  2883
  2884
  2885
  2886
  2887
  2888
  2889
  2890
  3163
  3164
  3165
  3166
  3167
  3168
  3169
  3170
  3171
  3172
  3173
  3174
  3175
  3176
  3177
  3178
  3179
  3452
  3453
  3454
  3455
  3456
  3457
  3458
  3459
  3460
  3461
  3462
  3463
  3464
  3465
  3466
  3467
  3468
  3741
  3742
  3743
  3744
  3745
  3746
  3747
  3748
  3749
  3750
  3751
  3752
  3753
  3754
  3755
  3756
  3757
  4030
  4031
  4032
  4033
  4034
  4035
  4036
  4037
  4038
  4039
  4040
  4041
  4042
  4043
  4044
  4045
  4046
  4319
  4320
  4321
  4322
  4323
  4324
  4325
  4326
  4327
  4328
  4329
  4330
  4331
  4332
  4333
  4334
  4335
  4608
  4609
  4610
  4611
  4612
  4613
  4614
  4615
  4616
  4617
  4618
  4619
  4620
  4621
  4622
  4623
  4624
  4897
  4898
  4899
  4900
  4901
  4902
  4903
  4904
  4905
  4906
  4907
  4908
  4909
  4910
  4911
  4912
  4913
  5186
  5187
  5188
  5189
  5190
  5191
  5192
  5193
  5194
  5195
  5196
  5197
  5198
  5199
  5200
  5201
  5202
  5475
  5476
  5477
  5478
  5479
  5480
  5481
  5482
  5483
  5484
  5485
  5486
  5487
  5488
  5489
  5490
  5491
  5764
  5765
  5766
  5767
  5768
  5769
  5770
  5771
  5772
  5773
  5774
  5775
  5776
  5777
  5778
  5779
  5780
  6053
  6054
  6055
  6056
  6057
  6058
  6059
  6060
  6061
  6062
  6063
  6064
  6065
  6066
  6067
  6068
  6069
  6342
  6343
  6344
  6345
  6346
  6347
  6348
  6349
  6350
  6351
  6352
  6353
  6354
  6355
  6356
  6357
  6358
  6631
  6632
  6633
  6634
  6635
  6636
  6637
  6638
  6639
  6640
  6641
  6642
  6643
  6644
  6645
  6646
  6647
  6920
  6921
  6922
  6923
  6924
  6925
  6926
  6927
  6928
  6929
  6930
  6931
  6932
  6933
  6934
  6935
  6936
  7209
  7210
  7211
  7212
  7213
  7214
  7215
  7216
  7217
  7218
  7219
  7220
  7221
  7222
  7223
  7224
  7225
  7498
  7499
  7500
  7501
  7502
  7503
  7504
  7505
  7506
  7507
  7508
  7509
  7510
  7511
  7512
  7513
  7514
  7787
  7788
  7789
  7790
  7791
  7792
  7793
  7794
  7795
  7796
  7797
  7798
  7799
  7800
  7801
  7802
  7803
  8076
  8077
  8078
  8079
  8080
  8081
  8082
  8083
  8084
  8085
  8086
  8087
  8088
  8089
  8090
  8091
  8092
  8365
  8366
  8367
  8368
  8369
  8370
  8371
  8372
  8373
  8374
  8375
  8376
  8377
  8378
  8379
  8380
  8381
  8654
  8655
  8656
  8657
  8658
  8659
  8660
  8661
  8662
  8663
  8664
  8665
  8666
  8667
  8668
  8669
  8670
  8943
  8944
  8945
  8946
  8947
  8948
  8949
  8950
  8951
  8952
  8953
  8954
  8955
  8956
  8957
  8958
  8959
  9232
  9233
  9234
  9235
  9236
  9237
  9238
  9239
  9240
  9241
  9242
  9243
  9244
  9245
  9246
  9247
  9248
  9521
  9522
  9523
  9524
  9525
  9526
  9527
  9528
  9529
  9530
  9531
  9532
  9533
  9534
  9535
  9536
  9537
