         561  Wall
'4  0.000000E+00  0.100000E+01  0.000000E+00  0.870000E+01'
     1
     2
     3
     4
     5
     6
     7
     8
     9
    10
    11
    12
    13
    14
    15
    16
    17
   290
   291
   292
   293
   294
   295
   296
   297
   298
   299
   300
   301
   302
   303
   304
   305
   306
   579
   580
   581
   582
   583
   584
   585
   586
   587
   588
   589
   590
   591
   592
   593
   594
   595
   868
   869
   870
   871
   872
   873
   874
   875
   876
   877
   878
   879
   880
   881
   882
   883
   884
  1157
  1158
  1159
  1160
  1161
  1162
  1163
  1164
  1165
  1166
  1167
  1168
  1169
  1170
  1171
  1172
  1173
  1446
  1447
  1448
  1449
  1450
  1451
  1452
  1453
  1454
  1455
  1456
  1457
  1458
  1459
  1460
  1461
  1462
  1735
  1736
  1737
  1738
  1739
  1740
  1741
  1742
  1743
  1744
  1745
  1746
  1747
  1748
  1749
  1750
  1751
  2024
  2025
  2026
  2027
  2028
  2029
  2030
  2031
  2032
  2033
  2034
  2035
  2036
  2037
  2038
  2039
  2040
  2313
  2314
  2315
  2316
  2317
  2318
  2319
  2320
  2321
  2322
  2323
  2324
  2325
  2326
  2327
  2328
  2329
  2602
  2603
  2604
  2605
  2606
  2607
  2608
  2609
  2610
  2611
  2612
  2613
  2614
  2615
  2616
  2617
  2618
  2891
  2892
  2893
  2894
  2895
  2896
  2897
  2898
  2899
  2900
  2901
  2902
  2903
  2904
  2905
  2906
  2907
  3180
  3181
  3182
  3183
  3184
  3185
  3186
  3187
  3188
  3189
  3190
  3191
  3192
  3193
  3194
  3195
  3196
  3469
  3470
  3471
  3472
  3473
  3474
  3475
  3476
  3477
  3478
  3479
  3480
  3481
  3482
  3483
  3484
  3485
  3758
  3759
  3760
  3761
  3762
  3763
  3764
  3765
  3766
  3767
  3768
  3769
  3770
  3771
  3772
  3773
  3774
  4047
  4048
  4049
  4050
  4051
  4052
  4053
  4054
  4055
  4056
  4057
  4058
  4059
  4060
  4061
  4062
  4063
  4336
  4337
  4338
  4339
  4340
  4341
  4342
  4343
  4344
  4345
  4346
  4347
  4348
  4349
  4350
  4351
  4352
  4625
  4626
  4627
  4628
  4629
  4630
  4631
  4632
  4633
  4634
  4635
  4636
  4637
  4638
  4639
  4640
  4641
  4914
  4915
  4916
  4917
  4918
  4919
  4920
  4921
  4922
  4923
  4924
  4925
  4926
  4927
  4928
  4929
  4930
  5203
  5204
  5205
  5206
  5207
  5208
  5209
  5210
  5211
  5212
  5213
  5214
  5215
  5216
  5217
  5218
  5219
  5492
  5493
  5494
  5495
  5496
  5497
  5498
  5499
  5500
  5501
  5502
  5503
  5504
  5505
  5506
  5507
  5508
  5781
  5782
  5783
  5784
  5785
  5786
  5787
  5788
  5789
  5790
  5791
  5792
  5793
  5794
  5795
  5796
  5797
  6070
  6071
  6072
  6073
  6074
  6075
  6076
  6077
  6078
  6079
  6080
  6081
  6082
  6083
  6084
  6085
  6086
  6359
  6360
  6361
  6362
  6363
  6364
  6365
  6366
  6367
  6368
  6369
  6370
  6371
  6372
  6373
  6374
  6375
  6648
  6649
  6650
  6651
  6652
  6653
  6654
  6655
  6656
  6657
  6658
  6659
  6660
  6661
  6662
  6663
  6664
  6937
  6938
  6939
  6940
  6941
  6942
  6943
  6944
  6945
  6946
  6947
  6948
  6949
  6950
  6951
  6952
  6953
  7226
  7227
  7228
  7229
  7230
  7231
  7232
  7233
  7234
  7235
  7236
  7237
  7238
  7239
  7240
  7241
  7242
  7515
  7516
  7517
  7518
  7519
  7520
  7521
  7522
  7523
  7524
  7525
  7526
  7527
  7528
  7529
  7530
  7531
  7804
  7805
  7806
  7807
  7808
  7809
  7810
  7811
  7812
  7813
  7814
  7815
  7816
  7817
  7818
  7819
  7820
  8093
  8094
  8095
  8096
  8097
  8098
  8099
  8100
  8101
  8102
  8103
  8104
  8105
  8106
  8107
  8108
  8109
  8382
  8383
  8384
  8385
  8386
  8387
  8388
  8389
  8390
  8391
  8392
  8393
  8394
  8395
  8396
  8397
  8398
  8671
  8672
  8673
  8674
  8675
  8676
  8677
  8678
  8679
  8680
  8681
  8682
  8683
  8684
  8685
  8686
  8687
  8960
  8961
  8962
  8963
  8964
  8965
  8966
  8967
  8968
  8969
  8970
  8971
  8972
  8973
  8974
  8975
  8976
  9249
  9250
  9251
  9252
  9253
  9254
  9255
  9256
  9257
  9258
  9259
  9260
  9261
  9262
  9263
  9264
  9265
