232 Wall
' '
2231
2237
2243
2249
2267
2273
2279
2285
2303
2309
2315
2321
2339
2345
2351
2357
2375
2381
2387
2393
2411
2417
2423
2429
2451
2457
2463
2485
2491
2497
2519
2525
2531
2559
2565
2592
2598
2625
2631
2658
2664
2691
2697
2724
2730
2757
2763
2790
2796
2823
2829
2856
2862
2889
2895
2922
2928
2955
2961
2988
2994
3021
3027
3054
3060
3087
3093
3120
3126
3153
3159
3186
3192
3219
3225
3252
3258
3285
3291
3318
3324
3351
3357
3388
3418
3448
3478
3508
3538
3568
3598
3628
3634
3640
3646
3666
3672
3678
3698
3704
3710
3730
3736
3742
3762
3768
3774
3794
3800
3806
3826
3832
3838
3857
3863
3869
3888
3894
3900
3919
3925
3931
3950
3956
3962
3979
3985
3991
4006
4012
4018
4033
4039
4045
4060
4066
4072
4078
4088
4094
4100
4106
4115
4121
4127
4141
4147
4153
4167
4173
4179
4185
4194
4200
4206
4212
4221
4227
4233
4239
4248
4254
4260
4266
4275
4281
4287
4293
4302
4308
4314
4320
4329
4335
4341
4347
4356
4362
4368
4382
4388
4394
4408
4414
4420
4426
4435
4441
4447
4453
4462
4468
4474
4488
4494
4500
4514
4520
4526
4540
4546
4552
4566
4572
4578
4592
4598
4604
4618
4624
4630
4644
4650
4656
4670
4676
4682
4696
4702
4708
4722
4728
4734
4748
4754
4760
4774
4780
4786
4800
4806
4812
