138 Wall
' '
5
6
9
10
346
353
360
380
387
394
401
423
429
436
443
465
471
478
485
507
513
520
527
549
555
562
569
591
597
604
611
633
639
646
653
675
681
688
695
717
723
730
737
759
765
772
779
801
807
814
821
843
849
856
863
885
891
898
905
923
929
935
942
949
967
973
979
986
993
1011
1017
1023
1030
1037
1055
1061
1067
1074
1081
1099
1105
1111
1118
1125
1147
1153
1160
1167
1189
1195
1202
1209
1231
1237
1244
1251
1273
1279
1286
1293
1315
1321
1328
1335
1357
1363
1370
1377
1399
1405
1412
1419
1441
1447
1454
1461
1481
1487
1494
1501
1521
1527
1534
1541
1561
1567
1574
1581
1601
1607
1614
1621
1641
1647
1654
1661
1681
1682
