280 Wall
' '
2
4
15
18
20
25
27
30
32
38
78
79
85
86
91
96
97
103
104
112
113
167
189
190
226
227
263
264
301
302
338
339
378
379
419
420
421
422
461
462
463
464
503
504
505
506
545
546
547
548
587
588
589
590
629
630
631
632
671
672
673
674
713
714
715
716
755
756
757
758
797
798
799
800
839
840
841
842
881
882
883
884
923
924
925
926
927
928
967
968
969
970
971
972
1011
1012
1013
1014
1015
1016
1055
1056
1057
1058
1059
1060
1099
1100
1101
1102
1103
1104
1143
1144
1145
1146
1185
1186
1187
1188
1227
1228
1229
1230
1269
1270
1271
1272
1311
1312
1313
1314
1353
1354
1355
1356
1395
1396
1397
1398
1437
1438
1439
1440
1479
1480
1519
1520
1559
1560
1599
1600
1639
1640
2214
2215
2216
2250
2251
2252
2286
2287
2288
2322
2323
2324
2358
2359
2360
2394
2395
2396
2430
2431
2464
2465
2498
2499
2532
2533
2534
2566
2567
2568
2599
2600
2601
2632
2633
2634
2665
2666
2667
2698
2699
2700
2731
2732
2733
2764
2765
2766
2797
2798
2799
2830
2831
2832
2863
2864
2865
2896
2897
2898
2929
2930
2931
2962
2963
2964
2995
2996
2997
3028
3029
3030
3061
3062
3063
3094
3095
3096
3127
3128
3129
3160
3161
3162
3193
3194
3195
3226
3227
3228
3259
3260
3261
3292
3293
3294
3325
3326
3327
3358
3359
3360
3389
3390
3391
3419
3420
3421
3449
3450
3451
3479
3480
3481
3509
3510
3511
3539
3540
3541
3569
3570
3571
3599
3600
3601
