1975 Wall
' '
1
2
3
4
5
6
7
9
11
12
13
14
15
16
17
18
19
26
27
30
32
35
38
40
76
78
79
81
82
84
85
86
89
91
92
94
96
97
99
100
102
103
104
110
112
113
115
135
138
139
140
141
142
143
146
148
149
152
153
154
155
157
158
159
160
161
162
163
165
166
167
169
170
172
175
189
191
192
193
194
196
197
198
202
203
208
214
220
221
226
228
229
230
231
233
234
239
245
251
257
258
263
265
266
267
268
269
271
272
277
283
289
290
295
296
301
303
304
305
306
307
309
315
321
327
328
333
338
340
341
342
343
344
346
347
349
350
353
354
360
361
367
368
373
374
378
380
381
382
383
384
385
387
388
390
391
392
401
402
408
409
414
415
419
420
421
423
424
425
426
427
432
433
434
443
444
450
451
456
457
461
462
463
465
466
467
468
469
474
475
476
485
486
492
493
498
499
503
504
505
507
508
509
510
511
516
517
518
527
528
534
535
540
541
545
546
547
549
550
551
552
553
558
559
560
569
570
576
577
582
583
587
588
589
591
592
593
594
595
600
601
602
611
612
618
619
624
625
629
630
631
633
634
635
636
637
642
643
644
653
654
660
661
666
667
671
672
673
675
676
677
678
679
684
685
686
695
696
702
703
708
709
713
714
715
717
718
719
720
721
726
727
728
737
738
744
745
750
751
755
756
757
759
760
761
762
763
768
769
770
779
780
786
787
792
793
797
798
799
801
802
803
804
805
810
811
812
821
822
828
829
834
835
839
840
841
843
844
845
846
847
852
853
854
863
864
870
871
876
877
881
882
883
885
886
887
888
889
894
895
896
905
906
912
913
918
919
923
924
925
926
927
929
930
931
932
933
938
939
940
949
950
956
957
962
963
970
971
976
977
982
983
984
990
991
993
994
1000
1001
1006
1007
1014
1015
1020
1021
1026
1027
1028
1034
1035
1037
1038
1044
1045
1050
1051
1058
1059
1064
1065
1070
1071
1072
1078
1079
1081
1082
1088
1089
1094
1095
1099
1100
1101
1102
1103
1105
1106
1107
1108
1109
1114
1115
1116
1122
1123
1125
1126
1132
1133
1138
1139
1143
1144
1145
1147
1148
1149
1150
1151
1156
1157
1158
1164
1165
1167
1168
1174
1175
1180
1181
1185
1186
1187
1189
1190
1191
1192
1193
1198
1199
1200
1206
1207
1209
1210
1216
1217
1222
1223
1227
1228
1229
1231
1232
1233
1234
1235
1240
1241
1242
1248
1249
1251
1252
1258
1259
1264
1265
1269
1270
1271
1273
1274
1275
1276
1277
1282
1283
1284
1290
1291
1293
1294
1300
1301
1306
1307
1311
1312
1313
1315
1316
1317
1318
1319
1324
1325
1326
1332
1333
1335
1336
1342
1343
1348
1349
1353
1354
1355
1357
1358
1359
1360
1361
1366
1367
1368
1374
1375
1377
1378
1384
1385
1390
1391
1395
1396
1397
1399
1400
1401
1402
1403
1408
1409
1410
1416
1417
1419
1420
1426
1427
1432
1433
1437
1438
1439
1441
1442
1443
1444
1445
1450
1451
1452
1458
1459
1461
1462
1468
1469
1474
1475
1479
1481
1482
1483
1484
1485
1490
1491
1492
1498
1499
1501
1502
1508
1509
1514
1515
1519
1521
1522
1523
1524
1525
1530
1531
1532
1538
1539
1541
1542
1548
1549
1554
1555
1559
1561
1562
1563
1564
1565
1570
1571
1572
1578
1579
1581
1582
1588
1589
1594
1595
1599
1601
1602
1603
1604
1605
1610
1611
1612
1618
1619
1621
1622
1628
1629
1634
1635
1639
1641
1642
1643
1644
1645
1650
1651
1652
1658
1659
1661
1662
1668
1669
1674
1675
1679
1680
1681
1682
1683
1684
1685
1686
1687
1688
1689
1690
1691
1699
1787
1790
1792
1793
1794
1795
1796
1797
1798
1799
1800
1801
1804
1805
1806
1807
1809
1810
1824
1825
1826
1828
1829
1831
1832
1833
1834
1839
1840
1844
1845
1849
1850
1851
1853
1854
1855
1856
1857
1858
1859
1863
1864
1868
1869
1872
1873
1874
1876
1877
1878
1879
1880
1884
1885
1888
1889
1892
1893
1895
1896
1897
1898
1902
1903
1906
1907
1909
1910
1911
1912
1913
1914
1915
1916
1919
1920
1923
1924
1926
1927
1928
1929
1930
1933
1934
1936
1937
1938
1939
1940
1941
1942
1943
1946
1947
1949
1950
1951
1952
1953
1956
1957
1959
1960
1961
1962
1963
1966
1967
1969
1970
1971
1972
1975
1976
1978
1979
1980
1981
1984
1985
1987
1988
1989
1990
1993
1994
1996
1997
1998
1999
2002
2003
2005
2006
2007
2008
2011
2012
2014
2015
2016
2017
2020
2021
2023
2024
2025
2026
2029
2030
2032
2033
2034
2035
2038
2039
2041
2042
2043
2044
2047
2048
2050
2051
2052
2053
2056
2057
2059
2060
2061
2062
2065
2066
2068
2069
2070
2071
2074
2075
2077
2078
2079
2080
2083
2084
2086
2087
2088
2089
2092
2093
2095
2096
2097
2098
2101
2102
2104
2105
2106
2107
2110
2111
2113
2114
2115
2116
2119
2120
2122
2123
2124
2125
2128
2129
2131
2132
2133
2134
2137
2138
2140
2141
2142
2143
2146
2147
2149
2150
2151
2152
2155
2156
2158
2159
2160
2161
2164
2165
2167
2168
2169
2170
2173
2174
2176
2177
2178
2179
2182
2183
2185
2186
2187
2188
2191
2192
2194
2195
2196
2197
2200
2201
2203
2204
2205
2206
2209
2210
2212
2213
2216
2219
2220
2224
2225
2230
2231
2252
2255
2256
2260
2261
2266
2267
2288
2291
2292
2296
2297
2302
2303
2324
2327
2328
2332
2333
2338
2339
2360
2363
2364
2368
2369
2374
2375
2395
2396
2398
2399
2400
2404
2405
2410
2411
2416
2417
2431
2433
2434
2435
2439
2440
2445
2450
2451
2465
2467
2468
2469
2473
2474
2479
2484
2485
2499
2501
2502
2503
2507
2508
2513
2518
2519
2520
2521
2524
2525
2526
2527
2533
2534
2536
2537
2538
2542
2543
2547
2548
2553
2554
2555
2558
2559
2560
2561
2568
2571
2572
2576
2580
2581
2586
2587
2588
2591
2592
2593
2594
2601
2604
2605
2609
2613
2614
2619
2620
2621
2624
2625
2626
2627
2634
2637
2638
2642
2646
2647
2652
2653
2654
2657
2658
2659
2660
2667
2670
2671
2675
2679
2680
2681
2682
2685
2686
2687
2690
2691
2692
2693
2700
2703
2704
2708
2712
2713
2714
2715
2718
2719
2720
2723
2724
2725
2726
2733
2736
2737
2741
2745
2746
2747
2748
2751
2752
2753
2756
2757
2758
2759
2766
2769
2770
2774
2778
2779
2780
2781
2784
2785
2786
2789
2790
2791
2792
2799
2802
2803
2807
2811
2812
2813
2814
2817
2818
2819
2822
2823
2824
2825
2832
2835
2836
2840
2844
2845
2846
2847
2850
2851
2852
2855
2856
2857
2858
2865
2868
2869
2873
2877
2878
2879
2880
2883
2884
2885
2888
2889
2890
2891
2898
2901
2902
2906
2910
2911
2912
2913
2916
2917
2918
2921
2922
2923
2924
2931
2934
2935
2939
2943
2944
2945
2946
2949
2950
2951
2954
2955
2956
2957
2964
2967
2968
2972
2976
2977
2978
2979
2982
2983
2984
2987
2988
2989
2990
2997
3000
3001
3005
3009
3010
3011
3012
3015
3016
3017
3020
3021
3022
3023
3030
3033
3034
3038
3042
3043
3044
3045
3048
3049
3050
3053
3054
3055
3056
3063
3066
3067
3071
3075
3076
3077
3078
3081
3082
3083
3086
3087
3088
3089
3096
3099
3100
3104
3108
3109
3110
3111
3114
3115
3116
3119
3120
3121
3122
3129
3132
3133
3137
3141
3142
3143
3144
3147
3148
3149
3152
3153
3154
3155
3162
3165
3166
3170
3174
3175
3176
3177
3180
3181
3182
3185
3186
3187
3188
3195
3198
3199
3203
3207
3208
3209
3210
3213
3214
3215
3218
3219
3220
3221
3228
3231
3232
3236
3240
3241
3242
3243
3246
3247
3248
3251
3252
3253
3254
3261
3264
3265
3269
3273
3274
3275
3276
3279
3280
3281
3284
3285
3286
3287
3294
3297
3298
3302
3306
3307
3308
3309
3312
3313
3314
3317
3318
3319
3320
3327
3330
3331
3334
3335
3339
3340
3341
3342
3345
3346
3347
3350
3351
3352
3353
3356
3357
3360
3363
3366
3367
3371
3372
3373
3374
3376
3377
3378
3379
3382
3383
3384
3387
3388
3391
3394
3397
3398
3402
3403
3404
3406
3407
3408
3409
3412
3413
3414
3417
3418
3421
3424
3427
3428
3432
3433
3434
3436
3437
3438
3439
3442
3443
3444
3447
3448
3451
3454
3457
3458
3462
3463
3464
3466
3467
3468
3469
3472
3473
3474
3477
3478
3481
3484
3487
3488
3492
3493
3494
3496
3497
3498
3499
3502
3503
3504
3507
3508
3511
3514
3517
3518
3522
3523
3524
3526
3527
3528
3529
3532
3533
3534
3537
3538
3541
3544
3547
3548
3552
3553
3554
3556
3557
3558
3559
3562
3563
3564
3567
3568
3571
3574
3577
3578
3582
3583
3584
3586
3587
3588
3589
3592
3593
3594
3597
3598
3601
3604
3607
3608
3612
3613
3614
3616
3617
3618
3619
3622
3623
3624
3627
3628
3645
3646
3651
3655
3656
3660
3677
3678
3683
3687
3688
3692
3709
3710
3715
3719
3720
3724
3741
3742
3747
3751
3752
3756
3773
3774
3779
3783
3784
3788
3805
3806
3811
3814
3815
3816
3819
3820
3837
3838
3843
3846
3847
3848
3851
3868
3869
3874
3877
3878
3879
3882
3899
3900
3905
3906
3908
3909
3910
3911
3913
3930
3931
3935
3936
3937
3938
3939
3940
3941
3942
3943
3944
3961
3962
3966
3967
3968
3969
3970
3971
3972
3973
3990
3991
3995
3996
3997
3998
3999
4000
4017
4018
4019
4022
4023
4024
4025
4026
4027
4044
4045
4046
4049
4050
4051
4052
4053
4054
4067
4071
4072
4073
4074
4076
4077
4078
4079
4080
4081
4082
4095
4099
4100
4101
4102
4104
4105
4106
4107
4108
4109
4122
4126
4127
4128
4129
4131
4132
4133
4134
4135
4148
4152
4153
4154
4155
4157
4158
4159
4160
4161
4174
4178
4179
4180
4181
4183
4184
4185
4186
4187
4188
4201
4207
4208
4210
4211
4212
4213
4214
4215
4228
4234
4235
4237
4238
4239
4240
4241
4242
4255
4261
4262
4264
4265
4266
4267
4268
4269
4282
4288
4289
4291
4292
4293
4294
4295
4296
4309
4315
4316
4318
4319
4320
4321
4322
4323
4336
4340
4341
4342
4343
4345
4346
4347
4348
4349
4350
4363
4367
4368
4369
4370
4372
4373
4374
4375
4376
4389
4393
4394
4395
4396
4398
4399
4400
4401
4402
4415
4419
4420
4421
4422
4424
4425
4426
4427
4428
4429
4442
4446
4447
4448
4449
4451
4452
4453
4454
4455
4456
4469
4473
4474
4475
4476
4478
4479
4480
4481
4482
4495
4499
4500
4501
4502
4504
4505
4506
4507
4508
4521
4525
4526
4527
4528
4530
4531
4532
4533
4534
4547
4551
4552
4553
4554
4556
4557
4558
4559
4560
4573
4577
4578
4579
4580
4582
4583
4584
4585
4586
4599
4603
4604
4605
4606
4608
4609
4610
4611
4612
4625
4629
4630
4631
4632
4634
4635
4636
4637
4638
4651
4655
4656
4657
4658
4660
4661
4662
4663
4664
4677
4681
4682
4683
4684
4686
4687
4688
4689
4690
4703
4707
4708
4709
4710
4712
4713
4714
4715
4716
4729
4733
4734
4735
4736
4738
4739
4740
4741
4742
4755
4759
4760
4761
4762
4764
4765
4766
4767
4768
4781
4785
4786
4787
4788
4790
4791
4792
4793
4794
4807
4811
4812
4813
4814
4816
4817
4818
4819
4820
