170 Inflow-2
' '
170237
170240
170243
170246
186113
186116
186119
186120
186125
186126
186131
186132
186137
186138
186143
186144
186149
186150
186155
186156
186161
186162
186167
186170
206080
206083
206084
206089
206090
206095
206096
206101
206102
206107
206108
206113
206114
206119
206120
206125
206126
206131
206132
206137
206138
206143
206144
206149
206150
206155
221653
221654
221659
221660
221665
221666
221671
221672
221677
221678
221683
221684
221689
221690
221695
221696
221701
221702
221707
221708
221713
221714
221719
221720
221725
221726
221731
221732
241280
241281
241286
241287
241292
241293
241298
241299
241304
241305
241310
241311
241316
241317
241322
241323
241328
241329
241334
241335
241340
241341
241346
241347
241352
241353
241358
241359
301246
301247
301252
301253
301258
301259
301264
301265
301270
301271
301276
301277
301282
301283
301288
301289
301294
301295
301300
301301
301306
301307
301312
301313
301318
301319
301324
301325
317564
317565
317570
317571
317576
317577
317582
317583
317588
317589
317594
317595
317600
317601
317606
317607
317612
317613
317618
317619
317624
317625
317630
317631
334333
334336
334339
334340
334345
334346
334351
334352
334357
334358
334363
334366
