719 Inflow-1
' '
112875
113289
113290
113291
114064
114065
114066
114067
114614
114615
114616
114617
115052
115053
115054
115055
116318
116319
116320
116321
116756
116757
116758
116759
117417
117418
131446
131447
131448
132493
132494
132495
132496
133121
133122
133123
133124
133703
133704
133705
133706
134180
134181
134182
134183
134632
134633
134634
134635
136108
136109
136110
136111
136560
136561
136562
136563
137070
137071
137072
137073
137659
137660
137661
137662
138298
154178
154179
154180
155410
155411
155412
155413
156461
156462
156463
156464
157073
157074
157075
157076
157645
157646
157647
157648
158111
158112
158113
158114
158547
158548
158549
158550
159991
159992
159993
159994
160427
160428
160429
160430
160930
160931
160932
160933
161510
161511
161512
161513
162142
162143
162144
162145
163370
175258
175259
175430
175431
175432
175433
175944
175945
175946
175947
176650
176651
176652
176653
177056
177057
177058
177059
177819
177820
177821
177822
178338
178339
178340
178341
178738
178739
178740
178741
179942
179943
179944
179945
180342
180343
180344
180345
180980
180981
180982
180983
181738
181739
181740
181741
182152
182153
182154
182155
183022
183023
183024
183025
191047
191048
191049
191050
191237
191238
191239
191240
191750
191751
191752
191753
192721
192722
192723
192724
193545
193546
193547
193548
194939
194940
194941
194942
195953
195954
195955
195956
196777
196778
196779
196780
197929
197930
197931
197932
198753
198754
198755
198756
199956
199957
199958
199959
201347
201348
201349
201350
202171
202172
202173
202174
203228
203229
203230
203231
203722
203723
211107
211108
211109
211110
211302
211303
211304
211305
211512
211513
211514
211515
211860
211861
211862
211863
212208
212209
212210
212211
213783
213784
213785
213786
214540
214541
214542
214543
214888
214889
214890
214891
215236
215237
215238
215239
215584
215585
215586
215587
216750
216751
216752
216753
218317
218318
218319
218320
218665
218666
218667
218668
219013
219014
219015
219016
219285
219286
226954
227380
227381
227382
227383
227840
227841
227842
227843
228300
228301
228302
228303
228760
228761
228762
228763
229264
229265
229266
229267
231127
231128
231129
231130
232066
232067
232068
232069
232567
232568
232569
232570
233027
233028
233029
233030
233531
233532
233533
233534
234932
234933
234934
234935
236785
236786
236787
236788
237286
237287
237288
237289
237746
237747
237748
237749
238206
238207
238208
247683
247684
250579
250580
250581
250582
253507
253508
253509
253510
256435
256436
256437
256438
259363
259364
259365
259366
262291
262292
262293
262294
265429
265430
265431
265432
268427
268428
268429
268430
271355
271356
271357
271358
274283
274284
274285
274286
277211
277212
277213
277214
280279
280280
280281
280282
283417
283418
283419
283420
286345
286346
286347
286348
289273
289274
289275
289276
292201
292202
292203
292204
306661
306662
306663
306664
306927
306928
306929
306930
307193
307194
307195
307196
307459
307460
307461
307462
307769
307770
307771
307772
309495
309496
309497
309498
310259
310260
310261
310262
310566
310567
310568
310569
310832
310833
310834
310835
311142
311143
311144
311145
312387
312388
312389
312390
314103
314104
314105
314106
314410
314411
314412
314413
314676
314677
314678
314679
314942
314943
322546
322547
322548
322549
322736
322737
322738
322739
322984
322985
322986
322987
323473
323474
323475
323476
323961
323962
323963
323964
325556
325557
325558
325559
326413
326414
326415
326416
326901
326902
326903
326904
327389
327390
327391
327392
327877
327878
327879
327880
329103
329104
329105
329106
330691
330692
330693
330694
331179
331180
331181
331182
331673
331674
331675
331676
331967
331968
339132
339133
339134
339313
339314
339315
339316
339827
339828
339829
339830
340718
340719
340720
340721
341407
341408
341409
341410
342629
342630
342631
342632
343495
343496
343497
343498
344183
344184
344185
344186
345319
345320
345321
345322
346007
346008
346009
346010
347050
347051
347052
347053
348268
348269
348270
348271
348960
348961
348962
348963
349964
349965
349966
349967
350482
357735
357893
357894
357895
357896
358407
358408
358409
358410
359113
359114
359115
359116
359517
359518
359519
359520
360235
360236
360237
360238
360735
360736
360737
360738
361129
361130
361131
361132
362363
362364
362365
362366
362757
362758
362759
362760
363363
363364
363365
363366
364078
364079
364080
364081
364493
364494
364495
364496
365363
365364
365365
376970
378507
378508
378509
378510
379731
379732
379733
379734
380452
380453
380454
380455
381028
381029
381030
381031
381498
381499
381500
381501
381954
381955
381956
381957
383446
383447
383448
383449
383902
383903
383904
383905
384397
384398
384399
384400
384986
384987
384988
384989
385725
385726
385727
402402
403266
403267
403268
403795
403796
403797
403798
404398
404399
404400
404401
404894
404895
404896
404897
405348
405349
405350
405351
406794
406795
406796
406797
407248
407249
407250
407251
407790
407791
407792
407793
408394
408395
421530
422337
422338
422896
422897
423332
423333
424560
424561
424995
424996
