5155 Outflow
' '
20010
20014
20016
20022
20023
20048
20054
20056
20060
20061
20067
20068
22439
22440
22441
22442
22443
22444
22445
22446
22447
22448
22449
22450
22451
22452
22453
22454
22455
22456
22457
22458
22459
22460
22461
22462
22463
22464
22465
22466
22467
22468
22469
22470
24265
24266
24267
24268
24269
24270
24271
24272
24273
24274
24275
24276
24277
24278
24279
24280
24281
24282
24283
24284
24285
24286
24287
24288
24289
24290
24291
24292
24293
24294
25791
25792
25793
25794
25795
25796
25797
25798
25799
25800
25801
25802
25803
25804
25805
25806
25807
25808
25809
25810
25811
25812
25813
25814
25815
25816
25817
25818
25819
25820
27317
27318
27319
27320
27321
27322
27323
27324
27325
27326
27327
27328
27329
27330
27331
27332
27333
27334
27335
27336
27337
27338
27339
27340
27341
27342
27343
27344
27345
27346
28845
28846
28847
28848
28849
28850
28851
28852
28853
28854
28855
28856
28857
28858
28859
28860
28861
28862
28863
28864
28865
28866
28867
28868
28869
28870
28871
28872
28873
28874
30894
30895
30896
30897
30898
30899
30900
30901
30902
30903
30904
30905
30906
30907
30908
30909
30910
30911
30912
30913
30914
30915
30916
30917
30918
30919
30920
30921
30922
30923
33667
33668
33669
33670
33671
33672
33673
33674
33675
33676
33677
33678
33679
33680
33681
33682
33683
33684
33685
33686
33687
33688
33689
33690
33691
33692
33693
33694
33695
33696
33697
33698
33699
36293
36294
36295
36296
36297
36298
36299
36300
36301
36302
36303
36304
36305
36306
36307
36308
36309
36310
36311
36312
36313
36314
36315
36316
36317
36318
36319
36320
36321
36322
36323
38187
38188
38189
38190
38191
38192
38193
38194
38195
38196
38197
38198
38199
38200
38201
38202
38203
38204
38205
38206
38207
38208
38209
38210
38211
38212
38213
38214
38215
38216
39715
39716
39717
39718
39719
39720
39721
39722
39723
39724
39725
39726
39727
39728
39729
39730
39731
39732
39733
39734
39735
39736
39737
39738
39739
39740
39741
39742
39743
39744
41764
41765
41766
41767
41768
41769
41770
41771
41772
41773
41774
41775
41776
41777
41778
41779
41780
41781
41782
41783
41784
41785
41786
41787
41788
41789
41790
41791
41792
41793
44462
44463
44464
44465
44466
44467
44468
44469
44470
44471
44472
44473
44474
44475
44476
44477
44478
44479
44480
44481
44482
44483
44484
44485
44486
44487
44488
44489
44490
44491
44492
44493
47237
47238
47239
47240
47241
47242
47243
47244
47245
47246
47247
47248
47249
47250
47251
47252
47253
47254
47255
47256
47257
47258
47259
47260
47261
47262
47263
47264
47265
47266
47267
47268
47269
49131
49132
49133
49134
49135
49136
49137
49138
49139
49140
49141
49142
49143
49144
49145
49146
49147
49148
49149
49150
49151
49152
49153
49154
49155
49156
49157
49158
49159
49160
50659
50660
50661
50662
50663
50664
50665
50666
50667
50668
50669
50670
50671
50672
50673
50674
50675
50676
50677
50678
50679
50680
50681
50682
50683
50684
50685
50686
50687
50688
52186
52187
52188
52189
52190
52191
52192
52193
52194
52195
52196
52197
52198
52199
52200
52201
52202
52203
52204
52205
52206
52207
52208
52209
52210
52211
52212
52213
52214
52215
53712
53713
53714
53715
53716
53717
53718
53719
53720
53721
53722
53723
53724
53725
53726
53727
53728
53729
53730
53731
53732
53733
53734
53735
53736
53737
53738
53739
53740
53741
55690
55691
55692
55693
55694
55695
55696
55697
55698
55699
55700
55701
55702
55703
55704
55705
55706
55707
55708
55709
55710
55711
55712
55713
55714
55715
55716
55717
55718
55719
58321
58322
58323
58324
58325
58326
58327
58328
58329
58330
58331
58332
58333
58334
58335
58336
58337
58338
58339
58340
58341
58342
58343
58344
58345
58346
58347
58348
58349
58350
58351
59085
59086
59087
59088
59089
61780
61781
61782
61783
61784
61785
61786
61787
61788
61789
61790
61791
63427
63428
63429
63430
63431
63432
63433
63434
63435
63436
63437
63438
65990
65991
65992
65993
65994
65995
65996
65997
65998
65999
66000
66001
66002
66003
66004
66005
66006
66007
66776
66777
66778
66779
66780
66781
68600
68601
68602
68603
68604
68605
68606
68607
68608
68609
68610
68611
70266
70267
70268
70269
70270
70271
70272
70273
70274
70275
70276
70277
70278
70279
70280
70281
70282
70283
72598
72599
72600
72601
72602
72603
72604
72605
72606
72607
72608
72609
72610
72611
72612
72613
72614
72615
73335
73336
73337
73338
73339
73340
76119
76120
76121
76122
76123
76124
76125
76126
76127
76128
76129
76130
77509
77510
77511
77512
77513
77514
77515
77516
77517
77518
77519
77520
77944
77949
78250
78251
78252
78253
78254
78255
78554
78555
78556
78557
78558
78559
80058
80059
80060
80061
80062
80063
80064
80065
80066
80067
80068
80069
80070
80071
80072
80073
80074
80075
80076
80077
80078
80781
80782
80783
80784
80785
80786
80787
80788
80789
80790
80791
81098
81099
81100
81101
81102
81103
81410
81411
81412
81413
81414
81415
81722
81723
81724
81725
81726
81727
82828
82829
82830
82831
82832
82833
82834
82835
82836
82837
82838
82839
82840
82841
82842
82843
84333
84334
84335
84336
84337
84338
84339
84340
84341
84342
84343
84344
84345
84346
84347
84348
84349
84350
84351
84352
84353
84652
84653
84654
84655
84656
84657
84953
84954
84955
84956
84957
84958
85105
86688
86689
86690
86691
86692
86693
86694
86695
86696
86697
86698
86699
86700
86701
86702
86703
86704
86705
87368
87369
87370
87371
87372
87373
90262
90263
90264
90265
90266
90267
90268
90269
90270
90271
90272
90273
91652
91653
91654
91655
91656
91657
91658
91659
91660
91661
91662
91663
92378
92379
92380
92381
92382
92383
92384
92385
92386
92387
92388
92389
93342
93343
93344
93345
93346
93347
93348
93349
93350
93351
93352
93353
93354
93355
93356
93357
93358
93359
93360
93361
93362
93363
93364
93365
94192
94193
94194
94195
94196
94197
94198
94199
94200
94201
94202
94203
94204
94205
94206
94207
94208
94209
95592
95593
95594
95595
95596
95597
95598
95599
95600
95601
95602
95603
95604
95605
95606
95607
95608
95609
96631
96632
96633
96634
96635
96636
96637
96638
96639
96640
96641
96642
96643
96644
96645
96646
96647
96648
97490
97491
97492
97493
97494
97495
97496
97497
97498
97499
97500
97501
97502
97503
97504
97505
97506
97507
98670
98671
98672
98673
98674
98675
98676
98677
98678
98679
98680
98681
98682
98683
98684
98685
98686
98687
98688
98689
98690
98691
98692
98693
98694
98695
98696
98697
98698
98699
99541
99542
99543
99544
99545
99546
99547
99548
99549
99550
99551
99552
99553
99554
99555
99556
99557
99558
100762
100763
100764
100765
100766
100767
100768
100769
100770
100771
100772
100773
100774
100775
100776
100777
100778
100779
102156
102157
102158
102159
102160
102161
102162
102163
102164
102165
102166
102167
102168
102169
102170
102171
102172
102173
102999
103000
103001
103002
103003
103004
103005
103006
103007
103008
103009
103010
103011
103012
103013
103014
103015
103016
104038
104039
104040
104041
104042
104043
104044
104045
104046
104047
104048
104049
104050
104051
104052
104053
104054
104055
104056
104057
104058
104059
104060
104061
104062
104063
104064
104504
104505
104506
104507
104508
104509
104510
104511
104512
104513
104514
104515
106107
106108
106109
106110
106111
106112
106113
106114
106115
106116
106117
106118
106119
106120
106121
106122
106123
106124
106787
106788
106789
106790
106791
106792
109603
109604
109605
109606
109607
109608
109609
109610
109611
109612
109613
109614
111408
111409
111410
111411
111412
111413
111414
111415
111416
111417
111418
111419
112175
112176
112177
112178
112179
112180
112181
112182
112183
112184
112185
112186
112863
112864
112865
112866
112867
112868
112869
112870
112871
112872
112873
112874
116294
116295
116296
116297
116298
116299
116300
116301
116302
116303
116304
116305
116306
116307
116308
116309
116310
116311
116312
116313
116314
116315
116316
116317
119400
119401
119402
119403
119404
119405
119406
119407
119408
119409
119410
119411
119412
119413
119414
119415
119416
119417
119866
119867
119868
119869
119870
119871
119872
119873
119874
119875
119876
119877
121775
121776
121777
121778
121779
121780
121781
121782
121783
121784
121785
121786
121787
121788
121789
121790
121791
121792
122536
122537
122538
122539
122540
122541
125481
125482
125483
125484
125485
125486
125487
125488
125489
125490
125491
125492
127845
127846
127847
127848
127849
127850
127851
127852
127853
127854
127855
127856
127857
127858
127859
127860
127861
127862
127863
127864
129128
129129
129130
129131
129132
129133
129134
129135
129136
129137
129138
129139
130230
130231
130232
130233
130234
130235
130236
130237
130238
130239
130240
130241
131426
131427
131428
131429
131430
131431
131432
131433
131434
131435
131436
131437
131438
131439
131440
131441
131442
131443
131444
131445
132481
132482
132483
132484
132485
132486
132487
132488
132489
132490
132491
132492
136084
136085
136086
136087
136088
136089
136090
136091
136092
136093
136094
136095
136096
136097
136098
136099
136100
136101
136102
136103
136104
136105
136106
136107
139485
139486
139487
139488
139489
139490
139491
139492
139493
139494
139495
139496
139497
139498
139499
139500
139501
139502
140697
140698
140699
140700
140701
140702
140703
140704
140705
140706
140707
140708
140709
140710
140711
140712
140713
140714
140715
140716
141824
141825
141826
141827
141828
141829
141830
141831
141832
141833
141834
141835
143170
143171
143172
143173
143174
143175
143176
143177
143178
143179
143180
143181
145528
145529
145530
145531
145532
145533
145534
145535
145536
145537
145538
145539
145540
145541
145542
145543
145544
145545
145546
145547
145548
145549
145550
145551
146336
146337
146338
146339
146340
146341
149394
149395
149396
149397
149398
149399
149400
149401
149402
149403
149404
149405
151763
151764
151765
151766
151767
151768
151769
151770
151771
151772
151773
151774
151775
151776
151777
151778
151779
151780
151781
151782
153054
153055
153056
153057
153058
153059
153060
153061
153062
153063
153064
153065
154166
154167
154168
154169
154170
154171
154172
154173
154174
154175
154176
154177
155390
155391
155392
155393
155394
155395
155396
155397
155398
155399
155400
155401
155402
155403
155404
155405
155406
155407
155408
155409
156449
156450
156451
156452
156453
156454
156455
156456
156457
156458
156459
156460
159967
159968
159969
159970
159971
159972
159973
159974
159975
159976
159977
159978
159979
159980
159981
159982
159983
159984
159985
159986
159987
159988
159989
159990
163352
163353
163354
163355
163356
163357
163358
163359
163360
163361
163362
163363
163364
163365
163366
163367
163368
163369
164578
164579
164580
164581
164582
164583
164584
164585
164586
164587
164588
164589
164590
164591
164592
164593
164594
164595
164596
164597
165715
165716
165717
165718
165719
165720
165721
165722
165723
165724
165725
165726
167065
167066
167067
167068
167069
167070
167071
167072
167073
167074
167075
167076
169423
169424
169425
169426
169427
169428
169429
169430
169431
169432
169433
169434
169435
169436
169437
169438
169439
169440
169441
169442
169443
169444
169445
169446
170231
170232
170233
170234
170235
170236
173326
173327
173328
173329
173330
173331
173332
173333
173334
173335
173336
173337
175047
175048
175049
175050
175051
175052
175053
175054
175055
175056
175057
175058
175932
175933
175934
175935
175936
175937
175938
175939
175940
175941
175942
175943
176638
176639
176640
176641
176642
176643
176644
176645
176646
176647
176648
176649
179918
179919
179920
179921
179922
179923
179924
179925
179926
179927
179928
179929
179930
179931
179932
179933
179934
179935
179936
179937
179938
179939
179940
179941
183004
183005
183006
183007
183008
183009
183010
183011
183012
183013
183014
183015
183016
183017
183018
183019
183020
183021
183528
183529
183530
183531
183532
183533
183534
183535
183536
183537
183538
183539
185370
185371
185372
185373
185374
185375
185376
185377
185378
185379
185380
185381
185382
185383
185384
185385
185386
185387
186107
186108
186109
186110
186111
186112
189455
189456
189457
189458
189459
189460
189461
189462
189463
189464
189465
189466
190851
190852
190853
190854
190855
190856
190857
190858
190859
190860
190861
190862
191738
191739
191740
191741
191742
191743
191744
191745
191746
191747
191748
191749
192697
192698
192699
192700
192701
192702
192703
192704
192705
192706
192707
192708
192709
192710
192711
192712
192713
192714
192715
192716
192717
192718
192719
192720
193527
193528
193529
193530
193531
193532
193533
193534
193535
193536
193537
193538
193539
193540
193541
193542
193543
193544
194921
194922
194923
194924
194925
194926
194927
194928
194929
194930
194931
194932
194933
194934
194935
194936
194937
194938
195935
195936
195937
195938
195939
195940
195941
195942
195943
195944
195945
195946
195947
195948
195949
195950
195951
195952
196759
196760
196761
196762
196763
196764
196765
196766
196767
196768
196769
196770
196771
196772
196773
196774
196775
196776
197899
197900
197901
197902
197903
197904
197905
197906
197907
197908
197909
197910
197911
197912
197913
197914
197915
197916
197917
197918
197919
197920
197921
197922
197923
197924
197925
197926
197927
197928
198735
198736
198737
198738
198739
198740
198741
198742
198743
198744
198745
198746
198747
198748
198749
198750
198751
198752
199938
199939
199940
199941
199942
199943
199944
199945
199946
199947
199948
199949
199950
199951
199952
199953
199954
199955
201329
201330
201331
201332
201333
201334
201335
201336
201337
201338
201339
201340
201341
201342
201343
201344
201345
201346
202153
202154
202155
202156
202157
202158
202159
202160
202161
202162
202163
202164
202165
202166
202167
202168
202169
202170
203201
203202
203203
203204
203205
203206
203207
203208
203209
203210
203211
203212
203213
203214
203215
203216
203217
203218
203219
203220
203221
203222
203223
203224
203225
203226
203227
203711
203712
203713
203714
203715
203716
203717
203718
203719
203720
203721
205394
205395
205396
205397
205398
205399
205400
205401
205402
205403
205404
205405
205406
205407
205408
205409
205410
205411
206074
206075
206076
206077
206078
206079
209506
209507
209508
209509
209510
209511
209512
209513
209514
209515
209516
209517
210903
210904
210905
210906
210907
210908
210909
210910
210911
210912
210913
210914
211506
211854
211855
211856
211857
211858
211859
212202
212203
212204
212205
212206
212207
213762
213763
213764
213765
213766
213767
213768
213769
213770
213771
213772
213773
213774
213775
213776
213777
213778
213779
213780
213781
213782
214529
214530
214531
214532
214533
214534
214535
214536
214537
214538
214539
214882
214883
214884
214885
214886
214887
215230
215231
215232
215233
215234
215235
215578
215579
215580
215581
215582
215583
216734
216735
216736
216737
216738
216739
216740
216741
216742
216743
216744
216745
216746
216747
216748
216749
218296
218297
218298
218299
218300
218301
218302
218303
218304
218305
218306
218307
218308
218309
218310
218311
218312
218313
218314
218315
218316
218659
218660
218661
218662
218663
218664
219007
219008
219009
219010
219011
219012
219275
219278
219284
220967
220968
220969
220970
220971
220972
220973
220974
220975
220976
220977
220978
220979
220980
220981
220982
220983
220984
221647
221648
221649
221650
221651
221652
225094
225095
225096
225097
225098
225099
225100
225101
225102
225103
225104
225105
226942
226943
226944
226945
226946
226947
226948
226949
226950
226951
226952
226953
231109
231110
231111
231112
231113
231114
231115
231116
231117
231118
231119
231120
231121
231122
231123
231124
231125
231126
232060
232061
232062
232063
232064
232065
234920
234921
234922
234923
234924
234925
234926
234927
234928
234929
234930
234931
236767
236768
236769
236770
236771
236772
236773
236774
236775
236776
236777
236778
236779
236780
236781
236782
236783
236784
240529
240530
240531
240532
240533
240534
240535
240536
240537
240538
240539
240540
240541
240542
240543
240544
240545
240546
241274
241275
241276
241277
241278
241279
244722
244723
244724
244725
244726
244727
244728
244729
244730
244731
244732
244733
247655
247656
247657
247658
247659
247660
247661
247662
247663
247664
247665
247666
247667
247668
247669
247670
247671
247672
247673
247674
247675
247676
247677
247678
247679
247680
247681
247682
250561
250562
250563
250564
250565
250566
250567
250568
250569
250570
250571
250572
250573
250574
250575
250576
250577
250578
253489
253490
253491
253492
253493
253494
253495
253496
253497
253498
253499
253500
253501
253502
253503
253504
253505
253506
256417
256418
256419
256420
256421
256422
256423
256424
256425
256426
256427
256428
256429
256430
256431
256432
256433
256434
259345
259346
259347
259348
259349
259350
259351
259352
259353
259354
259355
259356
259357
259358
259359
259360
259361
259362
262273
262274
262275
262276
262277
262278
262279
262280
262281
262282
262283
262284
262285
262286
262287
262288
262289
262290
265402
265403
265404
265405
265406
265407
265408
265409
265410
265411
265412
265413
265414
265415
265416
265417
265418
265419
265420
265421
265422
265423
265424
265425
265426
265427
265428
268406
268407
268408
268409
268410
268411
268412
268413
268414
268415
268416
268417
268418
268419
268420
268421
268422
268423
268424
268425
268426
271337
271338
271339
271340
271341
271342
271343
271344
271345
271346
271347
271348
271349
271350
271351
271352
271353
271354
274265
274266
274267
274268
274269
274270
274271
274272
274273
274274
274275
274276
274277
274278
274279
274280
274281
274282
277193
277194
277195
277196
277197
277198
277199
277200
277201
277202
277203
277204
277205
277206
277207
277208
277209
277210
280255
280256
280257
280258
280259
280260
280261
280262
280263
280264
280265
280266
280267
280268
280269
280270
280271
280272
280273
280274
280275
280276
280277
280278
283390
283391
283392
283393
283394
283395
283396
283397
283398
283399
283400
283401
283402
283403
283404
283405
283406
283407
283408
283409
283410
283411
283412
283413
283414
283415
283416
286327
286328
286329
286330
286331
286332
286333
286334
286335
286336
286337
286338
286339
286340
286341
286342
286343
286344
289255
289256
289257
289258
289259
289260
289261
289262
289263
289264
289265
289266
289267
289268
289269
289270
289271
289272
292183
292184
292185
292186
292187
292188
292189
292190
292191
292192
292193
292194
292195
292196
292197
292198
292199
292200
295111
295112
295113
295114
295115
295116
295117
295118
295119
295120
295121
295122
295123
295124
295125
295126
295127
295128
297955
297956
297957
297958
297959
297960
297961
297962
297963
297964
297965
297966
297967
297968
297969
297970
297971
297972
300491
300492
300493
300494
300495
300496
300497
300498
300499
300500
300501
300502
300503
300504
300505
300506
300507
300508
300509
300510
300511
300512
300513
300514
300515
300516
300517
300518
300519
301240
301241
301242
301243
301244
301245
304685
304686
304687
304688
304689
304690
304691
304692
304693
304694
304695
304696
306405
306406
306407
306408
306409
306410
306411
306412
306413
306414
306415
306416
309477
309478
309479
309480
309481
309482
309483
309484
309485
309486
309487
309488
309489
309490
309491
309492
309493
309494
310253
310254
310255
310256
310257
310258
312375
312376
312377
312378
312379
312380
312381
312382
312383
312384
312385
312386
314085
314086
314087
314088
314089
314090
314091
314092
314093
314094
314095
314096
314097
314098
314099
314100
314101
314102
316829
316830
316831
316832
316833
316834
316835
316836
316837
316838
316839
316840
316841
316842
316843
316844
316845
316846
317558
317559
317560
317561
317562
317563
320952
320953
320954
320955
320956
320957
320958
320959
320960
320961
320962
320963
322348
322349
322350
322351
322352
322353
322354
322355
322356
322357
322358
322359
322966
322971
322978
323461
323462
323463
323464
323465
323466
323467
323468
323469
323470
323471
323472
323949
323950
323951
323952
323953
323954
323955
323956
323957
323958
323959
323960
325532
325533
325534
325535
325536
325537
325538
325539
325540
325541
325542
325543
325544
325545
325546
325547
325548
325549
325550
325551
325552
325553
325554
325555
326397
326398
326399
326400
326401
326402
326403
326404
326405
326406
326407
326408
326409
326410
326411
326412
326889
326890
326891
326892
326893
326894
326895
326896
326897
326898
326899
326900
327377
327378
327379
327380
327381
327382
327383
327384
327385
327386
327387
327388
327865
327866
327867
327868
327869
327870
327871
327872
327873
327874
327875
327876
329083
329084
329085
329086
329087
329088
329089
329090
329091
329092
329093
329094
329095
329096
329097
329098
329099
329100
329101
329102
330667
330668
330669
330670
330671
330672
330673
330674
330675
330676
330677
330678
330679
330680
330681
330682
330683
330684
330685
330686
330687
330688
330689
330690
331167
331168
331169
331170
331171
331172
331173
331174
331175
331176
331177
331178
331661
331662
331663
331664
331665
331666
331667
331668
331669
331670
331671
331672
331954
331956
331960
331966
333647
333648
333649
333650
333651
333652
333653
333654
333655
333656
333657
333658
333659
333660
333661
333662
333663
333664
334327
334328
334329
334330
334331
334332
337550
337551
337552
337553
337554
337555
337556
337557
337558
337559
337560
337561
338944
338945
338946
338947
338948
338949
338950
338951
338952
338953
338954
338955
339815
339816
339817
339818
339819
339820
339821
339822
339823
339824
339825
339826
340698
340699
340700
340701
340702
340703
340704
340705
340706
340707
340708
340709
340710
340711
340712
340713
340714
340715
340716
340717
341395
341396
341397
341398
341399
341400
341401
341402
341403
341404
341405
341406
342617
342618
342619
342620
342621
342622
342623
342624
342625
342626
342627
342628
343483
343484
343485
343486
343487
343488
343489
343490
343491
343492
343493
343494
344171
344172
344173
344174
344175
344176
344177
344178
344179
344180
344181
344182
345291
345292
345293
345294
345295
345296
345297
345298
345299
345300
345301
345302
345303
345304
345305
345306
345307
345308
345309
345310
345311
345312
345313
345314
345315
345316
345317
345318
345995
345996
345997
345998
345999
346000
346001
346002
346003
346004
346005
346006
347038
347039
347040
347041
347042
347043
347044
347045
347046
347047
347048
347049
348256
348257
348258
348259
348260
348261
348262
348263
348264
348265
348266
348267
348948
348949
348950
348951
348952
348953
348954
348955
348956
348957
348958
348959
349940
349941
349942
349943
349944
349945
349946
349947
349948
349949
349950
349951
349952
349953
349954
349955
349956
349957
349958
349959
349960
349961
349962
349963
350470
350471
350472
350473
350474
350475
350476
350477
350478
350479
350480
350481
352144
352145
352146
352147
352148
352149
352150
352151
352152
352153
352154
352155
352156
352157
352158
352159
352160
352161
352824
352825
352826
352827
352828
352829
355849
355850
355851
355852
355853
355854
355855
355856
355857
355858
355859
355860
357556
357557
357558
357559
357560
357561
357562
357563
357564
357565
357566
357567
358395
358396
358397
358398
358399
358400
358401
358402
358403
358404
358405
358406
359101
359102
359103
359104
359105
359106
359107
359108
359109
359110
359111
359112
362339
362340
362341
362342
362343
362344
362345
362346
362347
362348
362349
362350
362351
362352
362353
362354
362355
362356
362357
362358
362359
362360
362361
362362
365345
365346
365347
365348
365349
365350
365351
365352
365353
365354
365355
365356
365357
365358
365359
365360
365361
365362
365861
365862
365863
365864
365865
365866
365867
365868
365869
365870
365871
365872
367810
367811
367812
367813
367814
367815
367816
367817
367818
367819
367820
367821
367822
367823
367824
367825
367826
367827
368571
368572
368573
368574
368575
368576
371644
371645
371646
371647
371648
371649
371650
371651
371652
371653
371654
371655
374038
374039
374040
374041
374042
374043
374044
374045
374046
374047
374048
374049
374050
374051
374052
374053
374054
374055
374056
374057
374058
374059
374060
374061
375541
375542
375543
375544
375545
375546
375547
375548
375549
375550
375551
375552
375553
375554
375555
375556
375557
375558
376952
376953
376954
376955
376956
376957
376958
376959
376960
376961
376962
376963
376964
376965
376966
376967
376968
376969
378483
378484
378485
378486
378487
378488
378489
378490
378491
378492
378493
378494
378495
378496
378497
378498
378499
378500
378501
378502
378503
378504
378505
378506
379719
379720
379721
379722
379723
379724
379725
379726
379727
379728
379729
379730
383422
383423
383424
383425
383426
383427
383428
383429
383430
383431
383432
383433
383434
383435
383436
383437
383438
383439
383440
383441
383442
383443
383444
383445
387107
387108
387109
387110
387111
387112
387113
387114
387115
387116
387117
387118
387119
387120
387121
387122
387123
387124
388691
388692
388693
388694
388695
388696
388697
388698
388699
388700
388701
388702
388703
388704
388705
388706
388707
388708
388709
388710
388711
388712
388713
388714
390313
390314
390315
390316
390317
390318
390319
390320
390321
390322
390323
390324
390325
390326
390327
390328
390329
390330
392177
392178
392179
392180
392181
392182
392183
392184
392185
392186
392187
392188
392189
392190
392191
392192
392193
392194
394718
394719
394720
394721
394722
394723
394724
394725
394726
394727
394728
394729
394730
394731
394732
394733
394734
394735
394736
394737
394738
394739
394740
394741
394742
394743
394744
395529
395530
395531
395532
395533
395534
398419
398420
398421
398422
398423
398424
398425
398426
398427
398428
398429
398430
400419
400420
400421
400422
400423
400424
400425
400426
400427
400428
400429
400430
400431
400432
400433
400434
401029
401030
401031
401032
401033
401034
401579
401580
401581
401582
401583
401584
402386
402387
402388
402389
402390
402391
402392
402393
402394
402395
402396
402397
402398
402399
402400
402401
403254
403255
403256
403257
403258
403259
403260
403261
403262
403263
403264
403265
406770
406771
406772
406773
406774
406775
406776
406777
406778
406779
406780
406781
406782
406783
406784
406785
406786
406787
406788
406789
406790
406791
406792
406793
409920
409921
409922
409923
409924
409925
409926
409927
409928
409929
409930
409931
409932
409933
409934
409935
409936
409937
410761
410762
410763
410764
410765
410766
410767
410768
410769
410770
410771
410772
410773
410774
410775
410776
411401
411402
411403
411404
411405
411406
412234
412235
412236
412237
412238
412239
414409
414410
414411
414412
414413
414414
414415
414416
414417
414418
414419
414420
414421
414422
414423
414424
414425
414426
414427
414428
414429
415214
415215
415216
415217
415218
415219
418047
418048
418049
418050
418051
418052
418053
418054
418055
418056
418057
418058
419688
419689
419690
419691
419692
419693
419694
419695
419696
419697
419698
419699
420415
420416
420417
420418
420419
420420
420421
420422
420423
420424
420425
420426
421107
421108
421109
421110
421111
421112
421113
421114
421115
421116
421117
421118
424536
424537
424538
424539
424540
424541
424542
424543
424544
424545
424546
424547
424548
424549
424550
424551
424552
424553
424554
424555
424556
424557
424558
424559
427691
427692
427693
427694
427695
427696
427697
427698
427699
427700
427701
427702
427703
427704
427705
427706
427707
427708
428152
428153
428154
428155
428156
428157
428158
428159
428160
428161
428162
428163
429954
429955
429956
429957
429958
429959
429960
429961
429962
429963
429964
429965
429966
429967
429968
429969
429970
429971
430691
430692
430693
430694
430695
430696
433594
433595
433596
433597
433598
433599
433600
433601
433602
433603
433604
433605
434984
434985
434986
434987
434988
434989
434990
434991
434992
434993
434994
434995
435706
435707
435708
435709
435710
435711
435712
435713
435714
435715
435716
435717
436749
436750
436751
436752
436753
436754
436755
436756
436757
436758
436759
436760
436761
436762
436763
436764
436765
436766
436767
436768
436769
436770
436771
436772
436773
436774
436775
436776
437727
437728
437729
437730
437731
437732
437733
437734
437735
437736
437737
437738
437739
437740
437741
437742
437743
437744
437745
437746
437747
437748
437749
437750
439291
439292
439293
439294
439295
439296
439297
439298
439299
439300
439301
439302
439303
439304
439305
439306
439307
439308
439309
439310
439311
439312
439313
439314
440469
440470
440471
440472
440473
440474
440475
440476
440477
440478
440479
440480
440481
440482
440483
440484
440485
440486
440487
440488
440489
440490
440491
440492
441453
441454
441455
441456
441457
441458
441459
441460
441461
441462
441463
441464
441465
441466
441467
441468
441469
441470
441471
441472
441473
441474
441475
441476
442645
442646
442647
442648
442649
442650
442651
442652
442653
442654
442655
442656
442657
442658
442659
442660
442661
442662
442663
442664
442665
442666
442667
442668
442669
442670
442671
442672
442673
442674
442675
442676
443636
443637
443638
443639
443640
443641
443642
443643
443644
443645
443646
443647
443648
443649
443650
443651
443652
443653
443654
443655
443656
443657
443658
443659
445005
445006
445007
445008
445009
445010
445011
445012
445013
445014
445015
445016
445017
445018
445019
445020
445021
445022
445023
445024
445025
445026
445027
445028
446562
446563
446564
446565
446566
446567
446568
446569
446570
446571
446572
446573
446574
446575
446576
446577
446578
446579
446580
446581
446582
446583
446584
446585
447532
447533
447534
447535
447536
447537
447538
447539
447540
447541
447542
447543
447544
447545
447546
447547
447548
447549
447550
447551
447552
447553
447554
447555
448630
448631
448632
448633
448634
448635
448636
448637
448638
448639
448640
448641
448642
448643
448644
448645
448646
448647
448648
448649
448650
448651
448652
448653
448654
448655
448656
448657
448658
448659
449075
449076
449077
449078
449079
449080
449081
449082
449083
449084
449085
450673
450674
450675
450676
450677
450678
450679
450680
450681
450682
450683
450684
450685
450686
450687
450688
450689
450690
451353
451354
451355
451356
451357
451358
454097
454098
454099
454100
454101
454102
454103
454104
454105
454106
454107
454108
455484
455485
455486
455487
455488
455489
455490
455491
455492
455493
455494
455495
457683
457684
457685
457686
457687
457688
457689
457690
457691
457692
457693
457694
457695
457696
457697
457698
457699
457700
458289
458290
458291
458292
458293
458294
459779
459780
459781
459782
459783
459784
459785
459786
459787
459788
459789
459790
461244
461245
461246
461247
461248
461249
461250
461251
461252
461253
461254
461255
461256
461257
461258
461259
461260
461261
463285
463286
463287
463288
463289
463290
463291
463292
463293
463294
463295
463296
463297
463298
463299
463300
463301
463302
463965
463966
463967
463968
463969
463970
466678
466679
466680
466681
466682
466683
466684
466685
466686
466687
466688
466689
468432
468433
468434
468435
468436
468437
468438
468439
468440
468441
468442
468443
468444
471189
471190
471191
471192
471193
471194
471195
471196
471197
471198
471199
471200
471201
471202
471203
471204
471205
471206
472070
472071
472072
472073
472074
472075
474059
474060
474061
474062
474063
474064
474065
474066
474067
474068
474069
474070
475783
475784
475785
475786
475787
475788
475789
475790
475791
475792
475793
475794
475795
475796
475797
475798
475799
475800
478350
478351
478352
478353
478354
478355
478356
478357
478358
478359
478360
478361
478362
478363
478364
478365
478366
478367
479109
479110
479111
479112
479113
479114
481309
481326
481328
481333
481338
481339
481345
481346
481353
481367
483592
483593
483594
483595
483596
483597
483598
483599
483600
483601
483602
483603
483604
483605
483606
483607
483608
483609
483610
483611
483612
483613
483614
483615
483616
483617
483618
483619
483620
483621
485565
485566
485567
485568
485569
485570
485571
485572
485573
485574
485575
485576
485577
485578
485579
485580
485581
485582
485583
485584
485585
485586
485587
485588
485589
485590
485591
485592
485593
485594
487279
487280
487281
487282
487283
487284
487285
487286
487287
487288
487289
487290
487291
487292
487293
487294
487295
487296
487297
487298
487299
487300
487301
487302
487303
487304
487305
487306
487307
487308
488993
488994
488995
488996
488997
488998
488999
489000
489001
489002
489003
489004
489005
489006
489007
489008
489009
489010
489011
489012
489013
489014
489015
489016
489017
489018
489019
489020
489021
489022
490707
490708
490709
490710
490711
490712
490713
490714
490715
490716
490717
490718
490719
490720
490721
490722
490723
490724
490725
490726
490727
490728
490729
490730
490731
490732
490733
490734
490735
490736
492932
492933
492934
492935
492936
492937
492938
492939
492940
492941
492942
492943
492944
492945
492946
492947
492948
492949
492950
492951
492952
492953
492954
492955
492956
492957
492958
492959
492960
492961
495705
495706
495707
495708
495709
495710
495711
495712
495713
495714
495715
495716
495717
495718
495719
495720
495721
495722
495723
495724
495725
495726
495727
495728
495729
495730
495731
495732
495733
495734
498444
498445
498446
498447
498448
498449
498450
498451
498452
498453
498454
498455
498456
498457
498458
498459
498460
498461
498462
498463
498464
498465
498466
498467
498468
498469
498470
498471
498472
498473
500507
500508
500509
500510
500511
500512
500513
500514
500515
500516
500517
500518
500519
500520
500521
500522
500523
500524
500525
500526
500527
500528
500529
500530
500531
500532
500533
500534
500535
500536
502221
502222
502223
502224
502225
502226
502227
502228
502229
502230
502231
502232
502233
502234
502235
502236
502237
502238
502239
502240
502241
502242
502243
502244
502245
502246
502247
502248
502249
502250
504446
504447
504448
504449
504450
504451
504452
504453
504454
504455
504456
504457
504458
504459
504460
504461
504462
504463
504464
504465
504466
504467
504468
504469
504470
504471
504472
504473
504474
504475
507202
507203
507204
507205
507206
507207
507208
507209
507210
507211
507212
507213
507214
507215
507216
507217
507218
507219
507220
507221
507222
507223
507224
507225
507226
507227
507228
507229
507230
507231
509975
509976
509977
509978
509979
509980
509981
509982
509983
509984
509985
509986
509987
509988
509989
509990
509991
509992
509993
509994
509995
509996
509997
509998
509999
510000
510001
510002
510003
510004
512038
512039
512040
512041
512042
512043
512044
512045
512046
512047
512048
512049
512050
512051
512052
512053
512054
512055
512056
512057
512058
512059
512060
512061
512062
512063
512064
512065
512066
512067
513752
513753
513754
513755
513756
513757
513758
513759
513760
513761
513762
513763
513764
513765
513766
513767
513768
513769
513770
513771
513772
513773
513774
513775
513776
513777
513778
513779
513780
513781
515466
515467
515468
515469
515470
515471
515472
515473
515474
515475
515476
515477
515478
515479
515480
515481
515482
515483
515484
515485
515486
515487
515488
515489
515490
515491
515492
515493
515494
515495
517180
517181
517182
517183
517184
517185
517186
517187
517188
517189
517190
517191
517192
517193
517194
517195
517196
517197
517198
517199
517200
517201
517202
517203
517204
517205
517206
517207
517208
517209
519318
519319
519320
519321
519322
519323
519324
519325
519326
519327
519328
519329
519330
519331
519332
519333
519334
519335
519336
519337
519338
519339
519340
519341
519342
519343
519344
519345
519346
519347
521897
521898
521899
521900
521901
521902
521903
521904
521905
521906
521907
521908
521909
521910
521911
521912
521913
521914
521915
521916
521917
521918
521919
521920
521921
521922
521923
521924
521925
522574
522575
522576
522577
