128 Inflow-1
' '
11333
12274
12275
13254
13255
18834
19955
19956
19957
19958
20659
20660
20661
20662
21331
21332
21333
21334
22003
22004
22005
22006
22680
26285
26286
26287
26288
27674
27675
27676
27677
28755
28756
28757
28758
29697
29698
29699
29700
30639
30640
30641
30642
31632
31633
31634
35265
35266
35267
35268
37149
37150
37151
37152
38802
38803
38804
38805
40258
40259
40260
40261
41714
41715
41716
41717
43091
43092
43093
43094
47111
47112
47113
47114
48785
48786
48787
48788
50275
50276
50277
50278
51577
51578
51579
51580
52879
52880
52881
52882
54085
54086
54087
54088
57906
57907
57908
59246
59247
59248
59249
60294
60295
60296
60297
61200
61201
61202
61203
62106
62107
62108
62109
63108
63109
67551
67552
67553
68151
68152
68153
68154
68791
68792
68793
68794
69431
69432
