145 Inflow-1
'4 0.0 0.0 1.0 3.5'
49
50
51
52
53
54
55
164
169
170
171
172
173
174
175
176
259
262
265
297
309
313
318
331
345
351
355
368
374
402
429
433
443
453
459
463
478
501
548
552
553
568
595
599
608
615
630
648
682
693
714
739
745
746
776
779
791
800
824
835
839
851
858
860
876
906
918
923
929
947
968
974
986
1005
1015
1017
1022
1031
1046
1048
1053
1072
1075
1086
1113
1127
1133
1134
1152
1178
1191
1198
1202
1222
1237
1281
1294
1302
1324
1342
1347
1355
1365
1387
1395
1399
1401
1404
1410
1432
1448
1456
1474
1486
1536
1568
1596
1608
1636
1652
1659
1678
1712
1763
1777
1791
1798
1817
1818
1823
1841
1854
1867
1874
1879
1883
1901
1907
1913
1918
1927
1930
1932
1949
1976
