193 Outflow
'4 0.0 0.0 1.0 -0.9'
32
33
34
35
36
37
38
39
40
41
123
125
127
130
133
134
135
136
137
140
141
142
143
144
230
233
237
239
241
294
303
316
322
327
357
359
369
373
387
412
416
420
423
426
441
466
491
494
495
498
512
514
515
532
554
557
558
559
577
581
625
626
644
646
651
676
697
710
717
725
735
737
748
759
761
774
782
820
827
831
832
842
852
875
878
881
883
895
903
914
916
926
928
934
969
985
989
991
992
1009
1034
1036
1041
1057
1059
1063
1073
1080
1088
1093
1098
1116
1124
1138
1162
1163
1166
1172
1179
1181
1187
1213
1229
1233
1236
1242
1244
1277
1289
1291
1310
1319
1343
1349
1350
1353
1363
1369
1389
1390
1394
1409
1413
1415
1418
1420
1445
1452
1477
1479
1490
1513
1535
1543
1550
1552
1575
1591
1597
1605
1606
1617
1646
1666
1672
1686
1698
1701
1711
1718
1746
1765
1772
1781
1787
1826
1832
1834
1836
1852
1856
1864
1894
1909
1910
1919
1921
1926
1937
1942
1944
1959
1965
