264 Wall
'7 0.0 0.0 0.0 3.5 1.0 1.0 0.0'
445
459
520
521
560
579
654
728
766
773
875
350
351
354
356
357
364
367
378
383
389
397
400
407
421
492
500
533
536
546
556
605
608
630
632
677
679
726
759
774
792
853
873
887
343
345
348
359
379
385
386
390
391
392
393
352
353
355
361
365
371
372
373
381
382
395
344
346
360
363
366
369
374
377
380
388
396
347
349
358
362
368
370
375
376
384
387
394
978
1057
1071
1167
1214
1234
1248
1250
1350
1410
1486
1506
1537
1546
1607
1731
1827
1876
1903
1938
1960
1969
929
1021
1044
1159
1229
1337
1351
1478
1491
1570
1776
902
905
1134
1135
1148
1163
1196
1261
1734
1797
1896
947
1019
1095
1175
1239
1276
1413
1468
1555
1609
1839
892
893
934
993
1042
1127
1150
1172
1200
1201
1286
1304
1334
1342
1361
1487
1494
1526
1534
1551
1601
1665
1720
1738
1770
1792
1799
1802
1832
1851
1941
1949
1979
930
954
1082
1161
1253
1310
1371
1576
1615
1763
1861
922
936
1217
1224
1244
1294
1318
1533
1630
1838
1963
979
1048
1245
1299
1374
1469
1500
1668
1711
1833
1860
463
485
502
647
666
724
742
820
822
843
865
956
1085
1193
1203
1209
1212
1258
1267
1269
1291
1356
1357
1365
1366
1389
1398
1440
1474
1525
1627
1780
1890
443
452
467
522
527
540
637
705
717
814
821
411
418
615
616
628
644
671
687
722
753
816
