305 a
"4 1.0 0.0 0.0 -0.1"
1004
1005
1006
1007
1008
1009
1010
1011
1012
1013
1014
1015
1016
1017
1018
1019
1020
1021
1022
1023
1024
1025
1026
1027
1028
1029
1030
1031
1032
1033
1034
1035
1036
1037
1038
1039
1040
1041
1042
1043
1044
1045
1046
1047
1048
1049
1050
1051
1052
1053
1054
1055
1056
1057
1058
1059
1060
1061
1062
1063
1064
1065
1066
1067
1068
1069
1070
1071
1072
1073
1074
1075
1076
1077
1078
1079
1080
1081
1082
1083
1084
1085
1086
1087
1088
1089
1090
1091
1092
1093
1094
1095
1096
1097
1098
1099
1100
1101
1102
1103
1104
1105
1106
1107
1108
1109
1110
1111
1112
1113
1114
1115
1116
1117
1118
1119
1120
1121
1122
1123
1124
1125
1126
1127
1128
1129
1130
1131
1132
1133
1134
1135
1136
1137
1138
1179
1180
1188
1205
1212
1217
1221
1222
1239
1240
1242
1248
1257
1262
1270
1287
1297
1301
1330
1344
1384
1389
1394
1404
1425
1426
1437
1440
1443
1444
1445
1448
1467
1469
1473
1475
1481
1482
1503
1509
1517
1519
1520
1530
1531
1536
1546
1547
1561
1573
1584
1597
1616
1636
1647
1654
1655
1658
1659
1668
1685
1687
1697
1700
1704
1706
1707
1708
1710
1711
1715
1716
1717
1721
1722
1725
1726
1729
1737
1750
1758
1770
1773
1774
1775
1780
1786
1787
1798
1800
1801
1821
1823
1826
1831
1834
1841
1845
1853
1858
1859
1860
1912
1919
1923
1937
1940
1941
1963
1981
1985
1992
1996
1997
2020
2027
2033
2047
2060
2063
2067
2069
2070
2081
2084
2086
2092
2101
2108
2111
2124
2129
2138
2158
2159
2160
2175
2192
2204
2209
2217
2219
2221
2231
2238
2242
2256
2261
2265
2267
2271
2281
2289
2303
2314
2316
2328
2333
2342
2352
2363
2373
2379
2414
2418
2444
2527
2575
2621
2634
