305 a
"4 1.0 0.0 0.0 0.1"
869
870
871
872
873
874
875
876
877
878
879
880
881
882
883
884
885
886
887
888
889
890
891
892
893
894
895
896
897
898
899
900
901
902
903
904
905
906
907
908
909
910
911
912
913
914
915
916
917
918
919
920
921
922
923
924
925
926
927
928
929
930
931
932
933
934
935
936
937
938
939
940
941
942
943
944
945
946
947
948
949
950
951
952
953
954
955
956
957
958
959
960
961
962
963
964
965
966
967
968
969
970
971
972
973
974
975
976
977
978
979
980
981
982
983
984
985
986
987
988
989
990
991
992
993
994
995
996
997
998
999
1000
1001
1002
1003
1184
1191
1192
1203
1210
1211
1223
1229
1234
1252
1255
1263
1264
1285
1289
1290
1293
1300
1311
1312
1318
1328
1345
1349
1355
1364
1365
1378
1380
1399
1401
1418
1424
1429
1441
1446
1456
1472
1474
1477
1489
1505
1512
1514
1525
1527
1534
1545
1551
1553
1564
1566
1574
1577
1593
1607
1625
1632
1641
1642
1646
1649
1666
1671
1699
1705
1732
1742
1747
1749
1751
1754
1763
1776
1777
1782
1803
1808
1811
1814
1816
1830
1842
1843
1846
1847
1866
1918
1933
1935
1953
1959
1969
1971
1976
1988
1991
1998
1999
2000
2003
2012
2013
2016
2019
2023
2025
2026
2029
2030
2034
2040
2041
2057
2085
2088
2089
2098
2105
2114
2123
2127
2132
2134
2135
2139
2174
2177
2182
2183
2186
2188
2193
2208
2214
2223
2232
2239
2247
2251
2253
2259
2262
2291
2295
2297
2308
2311
2313
2317
2330
2355
2360
2362
2367
2374
2386
2389
2390
2394
2399
2405
2407
2409
2417
2696
2785
2813
2824
2864
