165 a
"4 0.0 1.0 0.0 0.0"
1139
1140
1141
1142
1143
1144
1145
1146
1147
1148
1149
1150
1151
1152
1153
1154
1155
1156
1157
1158
1159
1160
1161
1162
1163
1164
1165
1166
1167
1168
1169
1170
1171
1172
1173
2442
2447
2449
2455
2461
2463
2464
2471
2475
2477
2478
2481
2486
2488
2490
2491
2493
2494
2503
2508
2510
2514
2519
2524
2525
2535
2541
2548
2550
2553
2554
2556
2559
2560
2561
2566
2572
2590
2593
2595
2603
2607
2608
2609
2610
2611
2612
2618
2622
2624
2627
2629
2635
2638
2642
2643
2645
2648
2649
2652
2653
2655
2662
2663
2664
2673
2674
2676
2678
2680
2684
2685
2689
2701
2705
2706
2707
2709
2711
2713
2717
2722
2726
2729
2734
2739
2740
2744
2746
2747
2754
2757
2763
2764
2766
2767
2770
2775
2777
2782
2787
2794
2800
2804
2805
2806
2808
2809
2816
2817
2818
2821
2825
2832
2833
2835
2839
2841
2844
2847
2849
2850
2853
2856
2859
2860
2866
2883
2884
2885
