130 a
"4 0.0 1.0 0.0 -0.1 "
2687
2696
2710
2714
2735
2768
2773
2784
2785
2813
2824
2846
2861
2864
2873
2874
2875
2918
2919
2920
2921
2922
2923
2924
2925
2926
2927
2928
2929
2930
2931
2932
2933
2934
2935
2936
2937
2938
2939
2940
2941
2942
2943
2944
2945
2946
2947
2948
2949
2950
2951
2952
2953
2954
2955
2956
2957
2958
2959
2960
2961
2962
2963
2964
2965
2444
2445
2454
2459
2466
2496
2521
2522
2523
2527
2528
2575
2586
2589
2621
2631
2634
2966
2967
2968
2969
2970
2971
2972
2973
2974
2975
2976
2977
2978
2979
2980
2981
2982
2983
2984
2985
2986
2987
2988
2989
2990
2991
2992
2993
2994
2995
2996
2997
2998
2999
3000
3001
3002
3003
3004
3005
3006
3007
3008
3009
3011
3016
3018
3022
