705 a
"4 0.0 0.0 1.0 0.0"
652
653
654
655
656
657
658
659
660
661
662
663
664
665
666
667
668
669
670
671
672
673
674
675
676
677
678
679
680
681
682
683
684
685
686
687
688
689
690
691
692
693
694
695
696
697
698
699
700
701
702
703
704
705
706
707
708
709
710
711
712
713
714
715
716
717
718
719
720
721
722
723
724
725
726
727
728
729
730
731
732
733
734
735
736
737
738
739
740
741
742
743
744
745
746
747
748
749
750
751
752
753
754
755
756
757
758
759
760
761
762
763
764
765
766
767
768
769
770
771
772
773
774
775
776
777
778
779
780
781
782
783
784
785
786
787
788
789
790
791
792
793
794
795
796
797
798
799
800
801
802
803
804
805
806
807
808
809
810
811
812
813
814
815
816
817
818
819
820
821
822
823
824
825
826
827
828
829
830
831
832
833
834
835
836
837
838
839
840
841
842
843
844
845
846
847
848
849
850
851
852
853
854
855
856
857
858
859
860
861
862
863
864
865
866
867
868
869
874
878
882
887
889
896
902
904
909
910
922
928
929
931
939
940
941
946
948
957
958
959
994
995
1002
1003
1008
1010
1013
1017
1018
1023
1025
1029
1030
1036
1039
1041
1042
1049
1057
1060
1068
1071
1074
1076
1078
1080
1081
1124
1128
1131
1136
1142
1144
1150
1158
1165
1171
1173
1175
1177
1178
1180
1181
1186
1194
1195
1198
1199
1201
1206
1212
1215
1225
1228
1234
1240
1241
1250
1253
1255
1256
1265
1269
1270
1275
1281
1282
1283
1288
1295
1303
1305
1307
1310
1312
1313
1320
1327
1329
1335
1338
1339
1341
1344
1350
1352
1353
1356
1361
1363
1365
1375
1379
1383
1384
1385
1386
1387
1389
1390
1391
1392
1395
1406
1409
1415
1420
1421
1422
1423
1427
1434
1440
1441
1442
1448
1456
1458
1467
1468
1474
1480
1485
1489
1491
1494
1495
1505
1506
1510
1513
1519
1521
1522
1529
1532
1533
1534
1537
1548
1550
1560
1563
1571
1572
1580
1586
1588
1589
1593
1594
1601
1606
1608
1610
1618
1622
1626
1634
1639
1645
1647
1659
1660
1669
1671
1672
1679
1684
1699
1700
1710
1714
1720
1727
1729
1730
1736
1738
1739
1740
1747
1750
1751
1756
1759
1761
1773
1774
1777
1785
1789
1797
1805
1810
1811
1812
1814
1822
1824
1827
1837
1863
1868
1876
1878
1879
1881
1882
1883
1886
1887
1888
1893
1896
1899
1903
1904
1910
1914
1918
1923
1928
1930
1931
1938
1943
1946
1954
1956
1957
1960
1967
1969
1970
1971
1975
1978
1985
1987
1990
1993
2002
2008
2013
2017
2018
2022
2023
2029
2033
2053
2056
2065
2066
2081
2082
2084
2087
2096
2100
2102
2112
2118
2125
2126
2130
2131
2133
2134
2141
2143
2150
2152
2155
2156
2160
2163
2166
2167
2168
2179
2188
2200
2204
2208
2211
2212
2213
2221
2226
2227
2232
2240
2243
2245
2246
2247
2252
2260
2263
2264
2272
2273
2274
2285
2291
2294
2295
2301
2306
2314
2316
2318
2319
2320
2323
2333
2336
2345
2347
2350
2352
2353
2354
2362
2372
2375
2377
2379
2389
2398
2401
2404
2418
2445
2452
2453
2454
2457
2459
2462
2463
2465
2466
2468
2469
2471
2473
2474
2484
2493
2494
2496
2499
2502
2510
2511
2513
2520
2521
2522
2523
2525
2528
2530
2532
2533
2536
2538
2544
2546
2548
2557
2561
2562
2564
2574
2577
2582
2586
2588
2589
2593
2596
2604
2613
2617
2619
2621
2630
2631
2636
2639
2648
2649
2652
2654
2661
2663
2665
2666
2667
2669
2670
2676
2682
2685
2686
2687
2689
2691
2692
2694
2697
2701
2708
2710
2714
2717
2719
2723
2726
2728
2735
2737
2741
2743
2748
2752
2753
2761
2765
2768
2771
2773
2779
2783
2784
2792
2795
2797
2798
2808
2809
2810
2813
2815
2827
2833
2835
2846
2860
2861
2868
2870
2871
2873
2874
2875
2876
2879
2882
2884
2885
