1947 Wall
' '
652
653
654
655
656
657
658
659
660
661
662
663
664
665
666
667
668
669
670
671
672
673
674
675
676
677
678
679
680
681
682
683
684
685
686
687
688
689
690
691
692
693
694
695
696
697
698
699
700
701
702
703
704
705
706
707
708
709
710
711
712
713
714
715
716
717
718
719
720
721
722
723
724
725
726
727
728
729
730
731
732
733
734
735
736
737
738
739
740
741
742
743
744
745
746
747
748
749
750
751
752
753
754
755
756
757
758
759
760
761
762
763
764
765
766
767
768
769
770
771
772
773
774
775
776
777
778
779
780
781
782
783
784
785
786
787
788
789
790
791
792
793
794
795
796
797
798
799
800
801
802
803
804
805
806
807
808
809
810
811
812
813
814
815
816
817
818
819
820
821
822
823
824
825
826
827
828
829
830
831
832
833
834
835
836
837
838
839
840
841
842
843
844
845
846
847
848
849
850
851
852
853
854
855
856
857
858
859
860
861
862
863
864
865
866
867
868
869
870
871
872
873
874
875
876
877
878
879
880
881
882
883
884
885
886
887
888
889
890
891
892
893
894
895
896
897
898
899
900
901
902
903
904
905
906
907
908
909
910
911
912
913
914
915
916
917
918
919
920
921
922
923
924
925
926
927
928
929
930
931
932
933
934
935
936
937
938
939
940
941
942
943
944
945
946
947
948
949
950
951
952
953
954
955
956
957
958
959
960
961
962
963
964
965
966
967
968
969
970
971
972
973
974
975
976
977
978
979
980
981
982
983
984
985
986
987
988
989
990
991
992
993
994
995
996
997
998
999
1000
1001
1002
1003
1004
1005
1006
1007
1008
1009
1010
1011
1012
1013
1014
1015
1016
1017
1018
1019
1020
1021
1022
1023
1024
1025
1026
1027
1028
1029
1030
1031
1032
1033
1034
1035
1036
1037
1038
1039
1040
1041
1042
1043
1044
1045
1046
1047
1048
1049
1050
1051
1052
1053
1054
1055
1056
1057
1058
1059
1060
1061
1062
1063
1064
1065
1066
1067
1068
1069
1070
1071
1072
1073
1074
1075
1076
1077
1078
1079
1080
1081
1082
1083
1084
1085
1086
1087
1088
1089
1090
1091
1092
1093
1094
1095
1096
1097
1098
1099
1100
1101
1102
1103
1104
1105
1106
1107
1108
1109
1110
1111
1112
1113
1114
1115
1116
1117
1118
1119
1120
1121
1122
1123
1124
1125
1126
1127
1128
1129
1130
1131
1132
1133
1134
1135
1136
1137
1138
1139
1140
1141
1142
1143
1144
1145
1146
1147
1148
1149
1150
1151
1152
1153
1154
1155
1156
1157
1158
1159
1160
1161
1162
1163
1164
1165
1166
1167
1168
1169
1170
1171
1172
1173
1175
1177
1178
1179
1180
1181
1184
1186
1188
1191
1192
1194
1195
1198
1199
1201
1203
1205
1206
1207
1210
1211
1212
1215
1217
1221
1222
1223
1225
1228
1229
1234
1237
1239
1240
1241
1242
1248
1250
1252
1253
1255
1256
1257
1262
1263
1264
1265
1269
1270
1275
1281
1282
1283
1285
1287
1288
1289
1290
1293
1295
1297
1300
1301
1303
1305
1307
1310
1311
1312
1313
1315
1318
1320
1327
1328
1329
1330
1335
1338
1339
1341
1344
1345
1349
1350
1352
1353
1355
1356
1361
1363
1364
1365
1375
1376
1378
1379
1380
1383
1384
1385
1386
1387
1389
1390
1391
1392
1394
1395
1399
1401
1404
1406
1409
1415
1418
1420
1421
1422
1423
1424
1425
1426
1427
1429
1434
1437
1440
1441
1442
1443
1444
1445
1446
1448
1456
1458
1467
1468
1469
1471
1472
1473
1474
1475
1477
1480
1481
1482
1485
1489
1491
1494
1495
1503
1505
1506
1509
1510
1512
1513
1514
1517
1519
1520
1521
1522
1525
1527
1529
1530
1531
1532
1533
1534
1536
1537
1541
1545
1546
1547
1548
1550
1551
1553
1559
1560
1561
1563
1564
1566
1571
1572
1573
1574
1577
1580
1581
1584
1586
1588
1589
1593
1594
1597
1601
1606
1607
1608
1610
1616
1618
1622
1625
1626
1632
1634
1636
1639
1641
1642
1645
1646
1647
1649
1654
1655
1658
1659
1660
1666
1668
1669
1671
1672
1673
1679
1684
1685
1687
1697
1699
1700
1704
1705
1706
1707
1708
1710
1711
1714
1715
1716
1717
1720
1721
1722
1725
1726
1727
1729
1730
1732
1736
1737
1738
1739
1740
1742
1747
1749
1750
1751
1754
1756
1758
1759
1761
1763
1770
1773
1774
1775
1776
1777
1780
1782
1785
1786
1787
1789
1797
1798
1800
1801
1803
1805
1808
1810
1811
1812
1814
1816
1821
1822
1823
1824
1826
1827
1830
1831
1834
1837
1841
1842
1843
1845
1846
1847
1853
1858
1859
1860
1863
1866
1868
1876
1878
1879
1881
1882
1883
1886
1887
1888
1893
1896
1899
1903
1904
1910
1912
1914
1918
1919
1923
1928
1930
1931
1933
1935
1937
1938
1940
1941
1943
1946
1953
1954
1956
1957
1958
1959
1960
1963
1967
1969
1970
1971
1975
1976
1978
1981
1985
1987
1988
1990
1991
1992
1993
1996
1997
1998
1999
2000
2002
2003
2008
2012
2013
2016
2017
2018
2019
2020
2022
2023
2025
2026
2027
2029
2030
2033
2034
2040
2041
2047
2049
2053
2056
2057
2060
2063
2065
2066
2067
2069
2070
2081
2082
2084
2085
2086
2087
2088
2089
2092
2096
2098
2100
2101
2102
2105
2108
2111
2112
2114
2118
2123
2124
2125
2126
2127
2129
2130
2131
2132
2133
2134
2135
2138
2139
2141
2143
2150
2152
2155
2156
2158
2159
2160
2163
2166
2167
2168
2174
2175
2177
2179
2182
2183
2186
2188
2192
2193
2200
2204
2208
2209
2211
2212
2213
2214
2217
2219
2221
2223
2226
2227
2231
2232
2238
2239
2240
2242
2243
2245
2246
2247
2251
2252
2253
2255
2256
2259
2260
2261
2262
2263
2264
2265
2267
2271
2272
2273
2274
2281
2285
2289
2291
2294
2295
2297
2301
2303
2306
2308
2311
2313
2314
2316
2317
2318
2319
2320
2323
2328
2330
2333
2336
2342
2345
2347
2350
2352
2353
2354
2355
2360
2362
2363
2367
2368
2370
2372
2373
2374
2375
2377
2379
2386
2389
2390
2394
2398
2399
2401
2404
2405
2407
2409
2414
2417
2418
2442
2444
2445
2447
2449
2452
2453
2454
2455
2457
2459
2461
2462
2463
2464
2465
2466
2468
2469
2471
2473
2474
2475
2477
2478
2481
2483
2484
2486
2488
2490
2491
2493
2494
2496
2499
2502
2503
2508
2510
2511
2513
2514
2519
2520
2521
2522
2523
2524
2525
2527
2528
2530
2532
2533
2535
2536
2538
2541
2544
2546
2548
2550
2553
2554
2556
2557
2559
2560
2561
2562
2564
2566
2572
2574
2575
2577
2578
2582
2586
2588
2589
2590
2593
2595
2596
2603
2604
2607
2608
2609
2610
2611
2612
2613
2617
2618
2619
2621
2622
2624
2627
2629
2630
2631
2632
2634
2635
2636
2638
2639
2642
2643
2645
2648
2649
2652
2653
2654
2655
2661
2662
2663
2664
2665
2666
2667
2669
2670
2673
2674
2676
2678
2680
2682
2684
2685
2686
2687
2689
2691
2692
2694
2696
2697
2701
2705
2706
2707
2708
2709
2710
2711
2713
2714
2717
2719
2722
2723
2726
2728
2729
2734
2735
2737
2738
2739
2740
2741
2743
2744
2746
2747
2748
2752
2753
2754
2757
2761
2763
2764
2765
2766
2767
2768
2770
2771
2773
2775
2777
2779
2782
2783
2784
2785
2787
2788
2792
2794
2795
2797
2798
2800
2802
2804
2805
2806
2808
2809
2810
2813
2815
2816
2817
2818
2821
2824
2825
2827
2832
2833
2835
2839
2841
2844
2846
2847
2849
2850
2853
2856
2859
2860
2861
2864
2866
2868
2870
2871
2873
2874
2875
2876
2879
2882
2883
2884
2885
2909
2910
2913
2918
2919
2920
2921
2922
2923
2924
2925
2926
2927
2928
2929
2930
2931
2932
2933
2934
2935
2936
2937
2938
2939
2940
2941
2942
2943
2944
2945
2946
2947
2948
2949
2950
2951
2952
2953
2954
2955
2956
2957
2958
2959
2960
2961
2962
2963
2964
2965
2966
2967
2968
2969
2970
2971
2972
2973
2974
2975
2976
2977
2978
2979
2980
2981
2982
2983
2984
2985
2986
2987
2988
2989
2990
2991
2992
2993
2994
2995
2996
2997
2998
2999
3000
3001
3002
3003
3004
3005
3006
3007
3008
3009
3011
3012
3015
3016
3018
3019
3022
3026
3027
3028
3029
3030
3031
3032
3033
3034
3035
3036
3037
3038
3039
3040
3041
3042
3043
3044
3045
3046
3047
3048
3049
3050
3051
3052
3053
3054
3055
3056
3057
3058
3059
3060
3061
3062
3063
3064
3065
3066
3067
3068
3069
3070
3071
3072
3073
3074
3075
3076
3077
3078
3079
3080
3081
3082
3083
3084
3085
3086
3087
3088
3089
3090
3091
3092
3093
3094
3095
3096
3097
3098
3099
3100
3101
3102
3103
3104
3105
3106
3107
3108
3109
3110
3111
3112
3113
3114
3115
3116
3117
3118
3119
3120
3121
3122
3123
3124
3125
3126
3127
3128
3129
3130
3131
3132
3133
3134
3135
3136
3137
3138
3139
3140
3141
3142
3143
3144
3145
3146
3147
3148
3149
3150
3151
3152
3153
3154
3155
3156
3157
3158
3159
3160
3161
3162
3163
3164
3165
3166
3167
3168
3169
3170
3171
3172
3173
3174
3175
3176
3177
3178
3179
3180
3181
3182
3183
3184
3185
3186
3187
3188
3189
3190
3191
3192
3193
3194
3195
3196
3197
3198
3199
3200
3201
3202
3203
3204
3205
3206
3207
3208
3209
3210
3211
3212
3213
3214
3215
3216
3217
3218
3219
3220
3221
3222
3223
3224
3225
3226
3227
3228
3229
3230
3231
3232
3233
3234
3235
3236
3237
3238
3239
3240
3241
3242
3243
3244
3245
3246
3247
3248
3249
3250
3251
3252
3253
3254
3255
3256
3257
3258
3259
3260
3261
3262
3263
3264
3265
3266
3267
3268
3269
3270
3271
3272
3273
3274
3275
3276
3277
3278
3279
3280
3281
3282
3283
3284
3285
3286
3287
3288
3289
3290
3291
3292
3293
3294
3295
3296
3297
3298
3299
3300
3301
3302
3303
3304
3305
3306
3307
3308
3309
3310
3311
3312
3313
3314
3315
3316
3317
3318
3319
3320
3321
3322
3323
3324
3325
3326
3327
3328
3329
3330
3331
3332
3333
3334
3335
3336
3337
3338
3339
3340
3341
3342
3343
3344
3345
3346
3347
3348
3349
3350
3351
3352
3353
3354
3355
3356
3357
3358
3359
3360
3361
3362
3363
3364
3365
3366
3367
3368
3369
3370
3371
3372
3373
3374
3375
3376
3377
3378
3379
3380
3381
3382
3383
3384
3385
3386
3387
3388
3389
3390
3391
3392
3393
3394
3395
3396
3397
3398
3399
3400
3401
3402
3403
3404
3405
3406
3407
3408
3409
3410
3411
3412
3413
3414
3415
3416
3417
3418
3419
3420
3421
3422
3423
3424
3425
3426
3427
3428
3429
3430
3431
3432
3433
3434
3435
3436
3437
3438
3439
3440
3441
3442
3443
3444
3445
3446
3447
3448
3449
3450
3451
3452
3453
3454
3455
3456
3457
3458
3459
3460
3461
3462
3463
3464
3465
3466
3467
3468
3469
3470
3471
3472
3473
3474
3475
3476
3477
3478
3479
3480
3481
3482
3483
3484
3485
3486
3487
3488
3489
3490
3491
3492
3493
3494
3495
3496
3497
3498
3499
3500
3501
3502
3503
3504
3505
3506
3507
3508
3509
3510
3511
3512
3513
3514
3515
3516
3517
3518
3519
3520
3521
3522
3523
3524
3525
